,loading_comp1_estimate,loading_comp1_68%_low,loading_comp1_68%_upper,loading_comp1_95%_low,loading_comp1_95%_upper,loading_comp1_99%_low,loading_comp1_99%_upper,loading_comp1_99.7%_low,loading_comp1_99.7%_upper,loading_comp1_consistency
density,-0.10404656171410871,-0.3252250289435792,0.14991940191599085,-0.49465135268764576,0.3957343343107515,-0.5968237683115973,0.556578858663078,-0.6443934091280408,0.6303530670454763,0.0556
deg_L-BSTS,0.09892170613595895,-0.0055744311994397324,0.1908714143602742,-0.08665855184893759,0.2859357173330845,-0.14156837045533502,0.33674796081995617,-0.17927728261245335,0.3544041221353894,0.9986
deg_L-CACG,0.13144267148106364,0.04358019151747713,0.19751189347701495,-0.04085674608038272,0.2624200535802496,-0.11371453951512295,0.3003148373771964,-0.15925745335549293,0.3198666065893386,0.1546
deg_L-CMFG,0.09808341188032806,-0.009095873889586225,0.1950745095128329,-0.1191285717629766,0.2840751358124764,-0.1955173751678664,0.33486194349210996,-0.24820838945516507,0.3582965737696444,0.2352
deg_L-CU,-0.09844673771392663,-0.17956316783284187,0.012194160365335261,-0.25389923000964987,0.13239397941784,-0.2894814491884889,0.20519526512032282,-0.32337993463073084,0.24895704625714501,0.2234
deg_L-EC,-0.12444083008202843,-0.1471592273736875,-0.07200249027921012,-0.18001631369537116,-0.022362339516880828,-0.19987075370071644,0.0197686047079922,-0.20952514553817786,0.04589777427754046,0.7552
deg_L-FG,0.1628662752775442,0.034393799990455706,0.26830262206127076,-0.10085420001946944,0.3676447528915696,-0.20188022513482737,0.41274580820003837,-0.2807655448868726,0.4479975475022457,0.3248
deg_L-IPG,-0.10051399120711033,-0.2199155159148921,0.04762331732403247,-0.3212471766808742,0.189573580603138,-0.3814684753524291,0.2718533816315147,-0.4272170967458178,0.3268166129414113,0.2288
deg_L-ITG,-0.16524940317651626,-0.2997280826539279,0.008700349299758945,-0.40113552313609463,0.18664062951921886,-0.45491295526634296,0.29990834188274135,-0.498226586860938,0.37105639432961246,0.3316
deg_L-ICG,0.04142266685091401,-0.07568087868586264,0.16043588770473424,-0.16858424098404273,0.2794122018910589,-0.226783296795357,0.34652413586669206,-0.25567370834178615,0.38412655197852313,0.3638
deg_L-LOG,-0.2535917603237523,-0.3663351499836428,-0.08290330626647069,-0.4512210795928868,0.09244565310110933,-0.502611340267347,0.20676121561478364,-0.5392856907304967,0.2755446114359998,0.8922
deg_L-LOFG,-0.18645850770329714,-0.2763551470804666,-0.05887803035829896,-0.3454482282637796,0.08417641468165142,-0.3873758483202322,0.18108485848692313,-0.4090289687195757,0.236993890811247,0.297
deg_L-LG,-0.0807559467384981,-0.17044524089252236,0.030758294449789912,-0.24014109521711163,0.1591373507563383,-0.2888512785554526,0.25492782769784755,-0.3034548039808954,0.30078273109891723,0.5162
deg_L-MOFG,-0.17920797946814354,-0.23954479341794488,-0.08276150856608624,-0.2913881049886807,0.01864985762249348,-0.31996871514756586,0.0874782084724293,-0.3356551434509093,0.1300853413423135,0.8774
deg_L-MTG,-0.3236862556108244,-0.4182402540858171,-0.17017846506323883,-0.48537449730089877,0.026692234734094038,-0.5133365794027152,0.1840671510812681,-0.533412196924656,0.29302750730114413,0.2846
deg_L-PHIG,-0.09344332226044684,-0.14698881224440455,-0.010526312070007525,-0.20424506034254877,0.07671380623944261,-0.2382464790111297,0.1453154362880062,-0.2623258845673831,0.18375408104756524,0.2458
deg_L-PaCG,0.2339682891360909,0.1384548056576246,0.2928095870978952,0.027238124480746594,0.3486893091141404,-0.07720314969753096,0.3756126196806492,-0.14367289441153608,0.39324591025485717,0.017
deg_L-POP,-0.09314425366193113,-0.20370249545128719,0.0363440377842683,-0.30748502531724686,0.15301287476183867,-0.3559874941375981,0.22901280972897914,-0.3912490623763699,0.29239807437264703,0.4802
deg_L-POR,-0.32041339340899666,-0.39771942773827196,-0.18235962738260791,-0.45550435228845193,-0.010880820653884227,-0.484339752752479,0.11808842500395024,-0.5001911835680856,0.19179505804552502,0.02
deg_L-PTR,-0.09983820302644189,-0.20870132472895925,0.033852482348851784,-0.29957257345191307,0.16712547075944809,-0.3440211288757768,0.25091657335953993,-0.38181829079173757,0.30873687668100347,0.4966
deg_L-PCAL,0.08491993369219947,0.0010203818349579891,0.16105583562918205,-0.06920078340980367,0.240314849588745,-0.11443631815733647,0.28561955377783776,-0.14264716426869625,0.31691122818099854,0.9372
deg_L-PoCG,-0.1531225178409915,-0.24992163250768526,-0.019486753745781803,-0.3336144790247568,0.1254571352957683,-0.38033295033516973,0.215369455150126,-0.4034751771460329,0.28697124912933797,0.23
deg_L-PCG,0.21539489044862237,0.12118375220007897,0.2765674168053426,0.04173733165258758,0.33671315405173186,-0.012431431205285667,0.36413821164982874,-0.052141681191611396,0.38008772518415507,0.1972
deg_L-PrCG,0.032583193276126014,-0.09576795030995222,0.16431916524872603,-0.2173960084429214,0.2903716566078858,-0.28901076405713017,0.36596552525186293,-0.33079864628035277,0.3948357465696512,0.287
deg_L-PCU,-0.0016431010499737718,-0.13747348488233546,0.14302810662863344,-0.2603040190668885,0.27232045421111184,-0.3447799632538156,0.35672299353538234,-0.39232741360480927,0.3965676688138643,0.151
deg_L-RACG,0.07134348347230028,-0.021522753505704432,0.15509188682511302,-0.10422113471827422,0.2313805726649146,-0.16282743180449114,0.2752047049068776,-0.19512177265887592,0.2971572172841148,0.7686
deg_L-RMFG,-0.12015673889086835,-0.23887682645061614,0.02372042867911443,-0.3347829222785322,0.16392298354713583,-0.3883186360781426,0.2666716611169576,-0.42744108967765143,0.3227772607171493,0.6202
deg_L-SFG,-0.303479712491591,-0.4025119087141806,-0.15043160782323117,-0.4816697472619964,0.03787396446339325,-0.5238837474786642,0.14877266180980647,-0.5541497341288908,0.23321234456747825,0.994
deg_L-SPG,-0.08235399904384585,-0.2207936408394193,0.0800405345566322,-0.33800017520632947,0.23930245478581103,-0.4121158016883732,0.3383484690964043,-0.4701138419241223,0.3947346104180522,0.4954
deg_L-STG,-0.22751106602996315,-0.3405195365463261,-0.07049262409839738,-0.42771177606848637,0.09410979129277341,-0.47110543261414145,0.20922618125803608,-0.504228366288891,0.2717944462722246,0.4236
deg_L-SMG,-0.03305025199689735,-0.15166525858097304,0.09673365275161476,-0.24989918159277025,0.22195935461545865,-0.3160456561069707,0.2963825812967246,-0.3452381222500472,0.3613865515903595,0.1954
deg_L-FP,-0.26304018717554306,-0.3013481911700155,-0.1763771765276257,-0.33472439962515577,-0.03687268119347328,-0.3541751518594777,0.10343354973467668,-0.3717665440129674,0.1794982562363831,0.3702
deg_L-TP,-0.3291237041023297,-0.3548911322315432,-0.2430815659257592,-0.3835369357818081,-0.11601788147816215,-0.39827229890519683,0.0210223466911878,-0.4089420044088293,0.09252192225900312,0.9794
deg_L-TTG,0.22436117269276495,0.12411070855935913,0.28853597785558516,0.012035587038115062,0.3487346029392251,-0.07723868534421184,0.3825509469488646,-0.12975414097258411,0.40603448330521796,0.9762
deg_L-IN,0.0965155803318253,-0.030366538108044818,0.20901049275497013,-0.13418038157384654,0.3105965741668277,-0.2099715299268902,0.37396204836033536,-0.2597573132046755,0.4047673713312213,0.7656
deg_L-CER,-0.01764581428657421,-0.08299387046748934,0.06391466787081115,-0.15424034477006682,0.13910066158226,-0.2061684441240388,0.1842007676966018,-0.23505277002032743,0.2092335705298866,0.6468
deg_L-TH,0.04776961333659996,-0.08716136277758442,0.18158501484323897,-0.19613964121542563,0.3079379441744382,-0.2680273796510789,0.38573796222217954,-0.2910485872015302,0.4368278137693372,0.8132
deg_L-CA,0.11734728259727323,0.014701770507106906,0.21433743457229215,-0.06886045957849604,0.3244227178945453,-0.11348303383117456,0.3849298968686563,-0.14688251315593323,0.4068487868213809,0.8394
deg_L-PU,0.03308726825695705,-0.1240159227659105,0.18819657935283723,-0.26631959617467227,0.3255416956604807,-0.366558288963932,0.4140251981346424,-0.433878906926473,0.4625968464154613,0.4448
deg_L-PA,0.01797744640343722,-0.09097959497564584,0.12839122711929865,-0.19768586641121472,0.22964006718278854,-0.2733629994372618,0.2882326653541875,-0.3402301328322053,0.31858141232659104,0.4722
deg_L-HI,0.14352976103903575,0.035833397838668124,0.23548865104537892,-0.07030135882460865,0.32673863577115464,-0.15592058740397452,0.3816115505540885,-0.20732723746255702,0.4015572266967681,0.5192
deg_L-AM,0.18828874151749037,0.10278202726852355,0.24145203306189528,0.006443690536516082,0.29788103569630736,-0.1151033140770653,0.3317597267661919,-0.1860896292410255,0.3460222168483388,0.146
deg_L-AC,-0.12333855945206385,-0.18111985376204742,-0.039143131731355765,-0.22681504878213213,0.05873093732849839,-0.256197649564684,0.12782692081120037,-0.270604562157097,0.16419045360346116,0.847
deg_R-TH,0.045180085104342696,-0.09150177993060721,0.17984600516485671,-0.19645190356487718,0.30683584621409443,-0.2690072965425047,0.38799985758598726,-0.2935935824319042,0.438307790736928,0.8582
deg_R-CA,0.0866094717120497,-0.010690737315924336,0.18426488426318272,-0.09258706444083885,0.2984365233665932,-0.1427379141577585,0.3640325358745131,-0.17597729605852072,0.38677135376749683,0.7968
deg_R-PU,0.0009045419016476743,-0.16000352520801203,0.1622526519811638,-0.30565875839277035,0.31581704374509895,-0.40660220346726034,0.40661236303356574,-0.4648036504281083,0.45860101023138716,0.5684
deg_R-PA,0.027031853404154888,-0.07766128730756551,0.13159449760708383,-0.18720972724325113,0.23256506008175012,-0.25369106840679506,0.28918155801112977,-0.30677419586236954,0.3167342471423334,0.4664
deg_R-HI,0.12763780609824613,0.0006405308393033066,0.2427785728633028,-0.11791441123881441,0.35498864084966997,-0.22111968514639085,0.423644520349475,-0.2615318234294437,0.44661683506950234,0.4026
deg_R-AM,0.18805620803373949,0.09482417100547125,0.24742425635550372,-0.009333079518155252,0.30632453946419325,-0.12542368340903778,0.3412015796280567,-0.17864509449205684,0.36006520878484044,0.272
deg_R-AC,-0.0955012461290624,-0.15936364917845824,-0.010657700523107078,-0.20632505145514948,0.09531309359549293,-0.23457570509977602,0.16145784542982197,-0.2543056076981859,0.20085999188312123,0.2044
deg_R-BSTS,0.019507744970408154,-0.08797944751834523,0.13138944385878643,-0.1738464648451015,0.24588780252681297,-0.23025252912048463,0.30678273378718307,-0.2543389761552572,0.33937289638624235,0.9032
deg_R-CACG,0.1749867595960533,0.06798941553246919,0.2520154609833595,-0.03327441368456784,0.3255659302731836,-0.10600445076438579,0.3702337390734689,-0.1660788195472245,0.3891568755322863,0.2032
deg_R-CMFG,0.08281468410187748,-0.019246588379041897,0.17628104023290553,-0.11556087782725845,0.26635763990823424,-0.17680804062568908,0.31890897249221506,-0.2325226151375951,0.34215697395694106,0.268
deg_R-CU,-0.20133066225431656,-0.27901687912711914,-0.0783299386931074,-0.34003135495397374,0.06780575702985621,-0.37759611070281596,0.1614044875943677,-0.39597538692509765,0.23269447651301678,0.4118
deg_R-EC,-0.11507433044014273,-0.13747808979097328,-0.06505044107921021,-0.16594921515094602,-0.018944955601556894,-0.18321158415434635,0.018836604380583172,-0.19901735919412242,0.06268541097705123,0.513
deg_R-FG,0.19780209453677042,0.08020061809066266,0.2863859544852954,-0.049335740876822035,0.3688163392144204,-0.16354058228783552,0.41334520413647374,-0.2391878941982505,0.43522870797819463,0.8654
deg_R-IPG,-0.05619662790369723,-0.1953174259503293,0.0996828056332536,-0.30332098280178726,0.2464368688046174,-0.38174204907157666,0.32967999605280096,-0.4156715335087121,0.3874688440600909,0.0144
deg_R-ITG,-0.1988563152678034,-0.3293315107634125,-0.027957909879905287,-0.4230543947950945,0.1616311398031687,-0.47930415280999367,0.27839153869683125,-0.5150769830883757,0.3510147369962976,0.0424
deg_R-ICG,0.10755380148444688,-0.014119238493580167,0.21997095421607965,-0.10965424003251337,0.3269254422927571,-0.17091907420033248,0.3878522886125399,-0.20529413887378117,0.4125490809278994,0.9172
deg_R-LOG,-0.24231094564104194,-0.3510687607673521,-0.08238500122962554,-0.4343857037930315,0.09486318220132703,-0.4856432209012525,0.19996966680017042,-0.5161792899157743,0.2592799768226923,0.7648
deg_R-LOFG,-0.18047403226431144,-0.25977801640956066,-0.06473483232734056,-0.32015328887848066,0.0649159209541731,-0.35405424787312234,0.14439437449277873,-0.3725131560642219,0.20253263365794036,0.0708
deg_R-LG,-0.09614088316521,-0.1783942869492747,0.01493413707605773,-0.2504403445779985,0.14112777773058785,-0.2920973733045212,0.22982894148273658,-0.3086474811734993,0.28389398875464056,0.4686
deg_R-MOFG,-0.19850459535646325,-0.2673520412812748,-0.08811830608599315,-0.3246601922148074,0.026472768370654695,-0.35370904358586014,0.108128237171069,-0.3754185423436986,0.1598165883774856,0.7428
deg_R-MTG,-0.32925082310932874,-0.4324588458938363,-0.16492715688405193,-0.5051552088626274,0.04363607908823917,-0.543262852507116,0.19468974148668192,-0.5624695023187635,0.2870344505890087,0.4448
deg_R-PHIG,-0.054488473230897845,-0.11907149145306443,0.03064950895584365,-0.17951585460613106,0.12380484090981016,-0.21555362159164468,0.17747536995733362,-0.24398196844164258,0.2103560855344261,0.3432
deg_R-PaCG,0.2870863048408139,0.18731322694767097,0.3442892242406755,0.06333618882762863,0.3942049015762187,-0.0631364614730059,0.41884626714148804,-0.13326251195150327,0.43211180645850245,0.103
deg_R-POP,0.023970684014762694,-0.09134025933665937,0.1389116475433459,-0.19817046882723321,0.24371837141788005,-0.26287037107402433,0.3081044446353946,-0.31142148320010815,0.34401129884498355,0.4744
deg_R-POR,-0.31270780474989357,-0.3975588790311488,-0.1674382151936701,-0.4560935485760082,0.0037593638295971613,-0.49299801290144674,0.1374044818806624,-0.5034807925418248,0.21752215973713854,0.2246
deg_R-PTR,-0.16338693749959524,-0.2579668144201919,-0.03237167747906706,-0.33216766754508203,0.10433179792280275,-0.3706546798692825,0.1902155123460984,-0.3992859464136747,0.26306004694716983,0.446
deg_R-PCAL,-0.02768437268087203,-0.11153218328743973,0.0717038050587298,-0.18162481099647435,0.181442498624337,-0.2248292709484558,0.248166422947484,-0.2476251631955255,0.28676146111195294,0.7384
deg_R-PoCG,-0.09024004856793566,-0.2016850949891087,0.04819093507717718,-0.28915287945807444,0.20194153600220802,-0.3446008962432635,0.2852074225675983,-0.37462486808589046,0.336370589483373,0.014
deg_R-PCG,0.22440486461273093,0.1234063906464791,0.29530714293511195,0.03420478589487461,0.36437798101069035,-0.026849634293236724,0.398588384974744,-0.05458737776479913,0.41354994896791053,0.7566
deg_R-PrCG,0.060547721162402986,-0.06765178005099877,0.18812590408805208,-0.17828419776962937,0.315218280139832,-0.2540901896131567,0.387457231446619,-0.2876967464830538,0.4238402774283626,0.0012
deg_R-PCU,-0.0659767615730273,-0.19226299390397394,0.08001099679000714,-0.303853447299214,0.21460159189091568,-0.378316738315264,0.30898103230897467,-0.41006809348034423,0.34840578819652995,0.3744
deg_R-RACG,0.19678811634985952,0.0868063134224412,0.2729050687494618,-0.021776763675094096,0.3450829262951393,-0.1163065433470793,0.3825253360916095,-0.1851321863783265,0.3987241347936778,0.711
deg_R-RMFG,-0.12998809243059395,-0.23697247295443602,0.0050384482836726245,-0.32564236330691004,0.1348486411519928,-0.3779658783019393,0.2421820717772678,-0.41516901617257584,0.27174361218440035,0.235
deg_R-SFG,-0.28429790338514627,-0.3823451464850877,-0.13190718955039676,-0.4641460274466433,0.05427248994080865,-0.511083428213578,0.16133848847275664,-0.5374340925880156,0.24170679061259814,0.9654
deg_R-SPG,-0.07904964946815671,-0.21532316707021382,0.07674298773311236,-0.3292968823276174,0.2314132693279076,-0.3918154290081117,0.33309023062735976,-0.45331654740133626,0.3780147227780498,0.4738
deg_R-STG,-0.368207311405221,-0.4672074605194081,-0.2011635383780248,-0.5397820351892836,0.0026817479787429933,-0.5756759016194176,0.148218862991982,-0.597341846974188,0.2448215202639733,0.5712
deg_R-SMG,0.04504819059941294,-0.08052734629117472,0.17261525706890316,-0.18608065648520627,0.2950946713450732,-0.2533572634306956,0.36989950609841243,-0.28283937803974046,0.40815056179713405,0.9314
deg_R-FP,-0.2766450975660131,-0.3123641120038902,-0.19258176063356533,-0.3463546046289964,-0.05135641046155525,-0.3658723389047005,0.11937646521537325,-0.3782571251298738,0.2250744785509306,0.3274
deg_R-TP,-0.3609025173067895,-0.38602639066670164,-0.26893217500081024,-0.42058228228041383,-0.13688883480882774,-0.437608940902182,0.03628097410770456,-0.4495611424103107,0.09527520773009406,0.9694
deg_R-TTG,0.19324185333058558,0.114674052504635,0.23960682630787788,0.032486768641527955,0.28778269646440513,-0.04693498505748445,0.3086181120618659,-0.07818364802661441,0.32095432317637285,0.8406
deg_R-IN,0.03519239319564104,-0.07731071257720731,0.1454666721479098,-0.1799728050065292,0.24614642401093847,-0.24721273067722285,0.302069066141371,-0.2739455808646688,0.3399506124689087,0.292
deg_R-CER,-0.038216951346594405,-0.10808516827255951,0.04894930518817543,-0.1809228741005057,0.1271153365529117,-0.23447410904750057,0.1753860504661575,-0.2576727383801692,0.20244468234094262,0.7918
stren_L-BSTS,-0.10815295801226228,-0.13912870576101216,-0.054013181533651235,-0.1695615382334846,0.008728515138554644,-0.18749256544376963,0.07896555308491421,-0.19766997499720404,0.11508421711852629,0.5134
stren_L-CACG,0.2692819083566385,0.21060471951646512,0.28347085300398644,0.145896966040477,0.31557824887956093,0.07293216817400672,0.33329907739715636,-0.0006016844358394804,0.3448959616389638,0.5952
stren_L-CMFG,0.07494006841872314,0.023248615365878883,0.11868816455961562,-0.019194597968897442,0.17477528326261035,-0.04944677470346495,0.21195271044838643,-0.07061215547760992,0.2335092629319637,0.9302
stren_L-CU,0.012137596411315564,-0.036240584280865844,0.06760981919045775,-0.0834156063071703,0.13156381017499325,-0.11121512532586897,0.183397028261874,-0.13537284368223665,0.22309886529510953,0.4248
stren_L-EC,0.15622483492306208,0.07839918839323302,0.21104252893608602,-0.05917866027107897,0.25534510706810704,-0.21280655507556553,0.2814376616876705,-0.2930421123659469,0.29488444047191037,0.8308
stren_L-FG,0.3769417077535043,0.26305242840841003,0.4285284745866768,0.0823396849538144,0.4771521420635432,-0.14721310163803777,0.5047859431235658,-0.30063960868183776,0.5165718830598826,0.9644
stren_L-IPG,-0.017296355156158644,-0.06211635378828822,0.03130175702571699,-0.11270073782813445,0.08237402459763712,-0.15023166947860264,0.11958945341700788,-0.18130508287673489,0.14901819889430504,0.2054
stren_L-ITG,-0.09649336621693567,-0.1417955257444335,-0.03292384940112617,-0.20700369712671088,0.023773175503066058,-0.2489680972215088,0.06136225584522645,-0.2811409132456987,0.08915850057534844,0.9606
stren_L-ICG,0.23883485148050596,0.1651706606545075,0.27448744297878347,0.11648815940298712,0.33414393597754144,0.08267115996811275,0.3690109019187365,0.06006250710267285,0.3957509437107108,0.9738
stren_L-LOG,0.20525927291900195,0.12092446021935642,0.2550429786087905,0.033628656810736374,0.31224828011886757,-0.04897426937333408,0.3474628302637332,-0.09332656450158286,0.3832108982002725,0.395
stren_L-LOFG,0.4386943355424777,0.34632810189961294,0.4612022709789757,0.20443485021532806,0.4946043332820527,0.020743317450037855,0.5098473329761533,-0.14200020669177826,0.5174879774445382,0.9972
stren_L-LG,0.28027728642829475,0.1977660770644191,0.3120909237048631,0.1097116012582947,0.35630552543459537,0.01930117472268878,0.3807944315906323,-0.058135328879259845,0.3968171323132554,0.9276
stren_L-MOFG,0.07525365639223772,0.009454702367067391,0.1270278248438673,-0.09777979856404784,0.169542079907445,-0.20648824133560367,0.1972493881874145,-0.25619416808378087,0.220296306836447,0.0372
stren_L-MTG,-0.37685939544409786,-0.38396656569675636,-0.30402118833811603,-0.4139772461343856,-0.21954786415741484,-0.4297984485844344,-0.0865896669781162,-0.43759246260651546,-0.015360160102034327,0.6194
stren_L-PHIG,0.2755714805820318,0.20197981966230166,0.31011097579929137,0.0950336459075923,0.34679970879544586,-0.06050700933310567,0.36623964095157485,-0.14325666999505243,0.37678433214080054,0.935
stren_L-PaCG,0.2770220018327693,0.21091735285083843,0.2997347134093975,0.1543090741167528,0.3356152064964605,0.1111828480570904,0.3567983391166453,0.05425359285825878,0.3686959187748118,0.8058
stren_L-POP,-0.1785354989994991,-0.21826353553773403,-0.10465543554876712,-0.2531703280419106,-0.013549493567817684,-0.27192669285208354,0.07090042604564162,-0.27833795535137185,0.11909787401029563,0.452
stren_L-POR,-0.31590827565489793,-0.33955988765980166,-0.23400544807126542,-0.3665533247529413,-0.12025329280470606,-0.38395841880932075,0.014014473241561319,-0.3933870565592115,0.05873012362959953,0.0946
stren_L-PTR,-0.03969582916996514,-0.07469554592910178,0.0064660587057180806,-0.10856505507547641,0.05963919373107481,-0.1260362551277599,0.0989322577948796,-0.14014746915918055,0.12616604995903064,0.2658
stren_L-PCAL,0.22572730823105394,0.14931871534058322,0.2627102023639449,0.08248907986310411,0.31541600396961045,0.015366098600483252,0.3536446137882505,-0.02385257600508599,0.37684497130019823,0.8858
stren_L-PoCG,-0.33927742880759926,-0.38897957296144514,-0.22316812983535755,-0.4297836890093983,-0.046793456683481865,-0.45450116577560656,0.14454255839949137,-0.4699992050067293,0.22071858864787774,0.6354
stren_L-PCG,0.36842300300944775,0.2946798962220728,0.3794234449417711,0.2511484542030879,0.425110798171773,0.20769904604284956,0.45023757875000775,0.17140338868376986,0.47142083838615034,0.9896
stren_L-PrCG,-0.13188327813768172,-0.23403977536259885,0.0025321433888467262,-0.3093739153436688,0.1848226355321622,-0.3491367240933826,0.3685980896463731,-0.3713278303024142,0.4335120098193361,0.242
stren_L-PCU,0.36471110542098395,0.28593263072831476,0.37882713366064524,0.2084439884507781,0.41844223880720655,0.10791417826036531,0.4463190022313825,0.02248952318652369,0.4619297466457717,0.9864
stren_L-RACG,0.39560597899927136,0.31210487506444706,0.41499193576531807,0.18231278372124007,0.4470126935052721,0.003835140502784,0.4638919957094278,-0.08509293386923558,0.4758193044672685,0.9858
stren_L-RMFG,0.2632455681312992,0.1786503384560526,0.30572536036742964,0.06267275090469587,0.34983204409566615,-0.10262967205880089,0.3812113162564613,-0.166625486252897,0.3922827624124572,0.3964
stren_L-SFG,-0.21360587512643897,-0.301014018440739,-0.08579041331615331,-0.36944547223238283,0.08528773116866956,-0.40156356549581723,0.22392702414878699,-0.42828272189215877,0.33699672211810616,0.2762
stren_L-SPG,0.24178315437477674,0.15898745538237574,0.2875278940522454,0.09342064944213557,0.3551712233008911,0.039212102110395206,0.3962801506687691,0.005091239593790463,0.41605791291773897,0.999
stren_L-STG,-0.2814024685818835,-0.2988583609273587,-0.21393272649264422,-0.3308905022538455,-0.1380500079505621,-0.3523852358299115,-0.032244525593215764,-0.36519362483075385,0.003983641589237048,0.9662
stren_L-SMG,-0.1847181071272542,-0.2100528199430512,-0.12172164082968509,-0.24287668202856041,-0.043107407743265456,-0.2630782488656768,0.03662006770705735,-0.27429422808559517,0.09737664175564743,0.5408
stren_L-FP,-0.2002877105801923,-0.21871879600234728,-0.146698308896266,-0.24172213504660606,-0.07167779280724768,-0.2551348650865709,0.006756019832976929,-0.26810618825045784,0.0491695116424479,0.5986
stren_L-TP,-0.14994915879133988,-0.16894804837465494,-0.10441948970651478,-0.20330772166183947,-0.06950805187218687,-0.2271437069823592,-0.039242586528341394,-0.25154915700815994,-0.020989958304104623,0.993
stren_L-TTG,0.010554030564225606,-0.031877721212695755,0.05220603259448822,-0.07058523717410747,0.09854900297059879,-0.09426870787973236,0.12728287269137803,-0.11180830106680045,0.14740044889573664,0.2018
stren_L-IN,0.5421198193612875,0.454456422376152,0.5458291440880044,0.3493903597830849,0.5816738165062788,0.20118908898446944,0.5996801385506157,0.09746437394821116,0.6042065911461926,0.9988
stren_L-CER,0.1921995546165236,0.10314994758067954,0.2561014208554332,0.03555532128947639,0.3266433526975156,-0.006591087818095539,0.36250102609041057,-0.04692307804118957,0.3850062169489374,0.7944
stren_L-TH,0.2263478916941226,0.10829578050998798,0.3189452323310059,0.017520954883984228,0.43521976359618986,-0.03604843212767561,0.5096285903951135,-0.07190497060775874,0.5395931959159619,0.9888
stren_L-CA,0.44739163870205106,0.34558279834117656,0.49007871584460544,0.2719766125418876,0.5538819910807496,0.22497119978778554,0.5853848501157556,0.17875618458097792,0.6028642463363366,0.9954
stren_L-PU,0.6225450056288004,0.5206912754951795,0.6258927173347008,0.42018447681114207,0.6645100507025541,0.22755176630524943,0.6846918164016997,0.14718914194000762,0.6948715864429442,0.9992
stren_L-PA,0.24857726465621416,0.18724156397221778,0.2722158932080335,0.12844622454916146,0.31095103128588,0.04903635222125007,0.3385564836742856,-0.003596617481695354,0.3473782005804867,0.7866
stren_L-HI,0.4429871251248291,0.34012845348887333,0.47796680923153795,0.190456236175504,0.521241864572357,-0.013404449321186965,0.5468924593471254,-0.1275473444908817,0.5592682920517636,0.8602
stren_L-AM,0.4015988644163338,0.2933354619028764,0.44223139276236595,0.12181197466094808,0.489072549287204,-0.11540413279800196,0.509288994269215,-0.2334089442544757,0.5239369600656362,0.699
stren_L-AC,0.275803512581026,0.21508855846912076,0.28998697104144244,0.1438274707244665,0.32013983518680494,0.05053628765038817,0.33633524035729645,-0.028352167254637028,0.3506927398910984,0.9368
stren_R-TH,0.2739537308910893,0.14965297553031173,0.3626384460644187,0.06256945578820826,0.47579268189907686,-0.0027279405997943586,0.5426856202847462,-0.039081230915819394,0.5834391890668288,0.9978
stren_R-CA,0.45744285840875315,0.35574396475976583,0.4964096296995755,0.2843894635876323,0.5559092847754386,0.2307697914237114,0.5865206961640189,0.17053207314056465,0.6077230339788285,0.9986
stren_R-PU,0.6469810318571357,0.5451302628709043,0.6446163193339901,0.4365223810216527,0.6773647261080021,0.2241238013662377,0.6946159706453299,0.1403831935958692,0.7034232499014569,1.0
stren_R-PA,0.3147364090570412,0.24957882599324743,0.33244222395565326,0.1826877691804499,0.3667691247352239,0.08567811075139897,0.38993353593771235,0.01901394536838291,0.401439225729128,0.8832
stren_R-HI,0.5585017600529685,0.44789614970402164,0.5810798628193428,0.28717712026921743,0.6225134603956728,0.038615302128106564,0.6407410372329214,-0.11358118873855136,0.650282670213002,0.9888
stren_R-AM,0.47883600960966977,0.3636060774156527,0.5145587133686298,0.18597795578701715,0.558661838656886,-0.08805471461094418,0.5793994471548214,-0.23575845598210668,0.5912546954248811,0.914
stren_R-AC,0.2929050646725309,0.23039663618606718,0.30291048532538595,0.17642037432618254,0.3330068104972693,0.08814696928595757,0.34954497955577274,0.043820570796503824,0.35927999636471586,0.9836
stren_R-BSTS,-0.17351402319303666,-0.20566140702924357,-0.10718945800118024,-0.23747496151745387,-0.021937048319417292,-0.25543492246715044,0.07310009165409036,-0.273057827715924,0.1403880779782581,0.2262
stren_R-CACG,0.3125018736020245,0.24923122005546638,0.32411982070010004,0.1833608711209291,0.35699074034323425,0.09696683806626828,0.3753497181678062,0.007110349079925851,0.3862798827403373,0.8036
stren_R-CMFG,0.04374585807836552,-0.0012675385636956133,0.0852362829488839,-0.03845763743354693,0.1390984139440382,-0.06344761466320009,0.17022750607264894,-0.08008504970901136,0.19289032165351427,0.4226
stren_R-CU,-0.07820695336514391,-0.12269877353146175,-0.012311940645725139,-0.16730519690942944,0.0644356101502571,-0.1940825707737832,0.1398400589620625,-0.2086986991963527,0.18226588881116218,0.3884
stren_R-EC,0.2101725573780453,0.13100325888787442,0.2550582445770759,0.0005270823491061575,0.2949719218509232,-0.16291096640677324,0.3170964664597743,-0.23574649423621882,0.32780413492602944,0.0258
stren_R-FG,0.43730235829944564,0.3218097050456205,0.4821118702911996,0.14082643970862466,0.5271102132806563,-0.08617243013103686,0.5541797843491081,-0.25356233596150946,0.5681659002568774,0.9738
stren_R-IPG,-0.019697474449827508,-0.06469515758114507,0.02764208073266391,-0.11700135940254944,0.0857651715193193,-0.15385903590231298,0.11689441289847674,-0.18618647288896123,0.14822159627585554,0.4748
stren_R-ITG,-0.09393814127275449,-0.1290240706874396,-0.03809022541968884,-0.1764214226214544,0.01250983909401152,-0.20917665063377044,0.044073961556672384,-0.2311686837300085,0.06811928805815873,0.467
stren_R-ICG,0.31562840538051395,0.23443637347162147,0.34683314466655496,0.18553306577776285,0.4016546164147548,0.14058936370368225,0.43742070166365915,0.12210106337485241,0.4587068112839743,1.0
stren_R-LOG,0.17282919194652413,0.09677640740336577,0.22234839913138515,0.014793855468375498,0.27803378385818917,-0.06637806371195679,0.3095622269281158,-0.11068049964425938,0.32764722935316537,0.372
stren_R-LOFG,0.3949560958918089,0.29904490821781654,0.42516681359234965,0.15557399896272034,0.46249651891261395,-0.03898795354222334,0.48257136914682164,-0.16972076371095204,0.4992798107350331,0.9876
stren_R-LG,0.2951732389566495,0.21482815363577612,0.3277340725959056,0.1354432538221669,0.3747200941765617,0.05358584186072452,0.4035820684188716,0.0038926468151243322,0.4165478391616548,0.989
stren_R-MOFG,0.17733477458586283,0.09407897212327437,0.22949612661698265,-0.04359921252665454,0.272345322759995,-0.21998383331897603,0.2989251500332349,-0.3159494959529534,0.314273758815566,0.054
stren_R-MTG,-0.372830692940352,-0.3901725082602212,-0.2919355008935892,-0.42225881614973576,-0.18889871717927487,-0.43729856079272267,-0.06040158285284543,-0.4502243521298726,0.029852947766620876,0.9226
stren_R-PHIG,0.33719084217328416,0.26435340416827063,0.36068354595056956,0.15713503993641698,0.39265602099736635,-0.00026961017479324904,0.40565969829679843,-0.1024142507919392,0.4173910267034589,0.973
stren_R-PaCG,0.33265753288100947,0.26490990345806636,0.3457704393574929,0.2025704822192618,0.37872395770703254,0.10975007691332639,0.39690236226152287,0.06250317068897086,0.404565318309903,0.7828
stren_R-POP,-0.08567366543072126,-0.11840284556758328,-0.03286424366372379,-0.14876832837926474,0.02437750859241443,-0.16923966380562777,0.07343327071711453,-0.1770614222396514,0.1052791931828025,0.271
stren_R-POR,-0.33477234767784014,-0.35770628582867875,-0.2502638230955792,-0.38668624566455057,-0.1288853082643762,-0.4059668501018581,0.016652689619859332,-0.414984686315416,0.07114419993548886,0.4362
stren_R-PTR,-0.1650801271765378,-0.19463797978669412,-0.10219096597957891,-0.2236852153680697,-0.01754995405036872,-0.24274905635493693,0.06353518071901028,-0.2513240240274936,0.11267065270743137,0.2366
stren_R-PCAL,0.17502465036514034,0.10485373708874118,0.2206997623071258,0.03977390574800562,0.27943779135010394,-0.010207998069690359,0.3120415611198674,-0.03964731208469502,0.34008489598346575,0.7872
stren_R-PoCG,-0.29853994450993565,-0.35088163083910673,-0.1850290479043133,-0.39429493656794234,-0.013518251727149459,-0.4151110869738466,0.16709831441531361,-0.436113237013318,0.24229497791967755,0.2196
stren_R-PCG,0.39539769691736887,0.3186343782671316,0.4062298460982797,0.2708907941883108,0.44555608596722013,0.2339956352937792,0.474042003501259,0.18894608566828902,0.48940027338924086,0.9996
stren_R-PrCG,-0.10252915668758746,-0.2022370976403494,0.027536136690938653,-0.2733242834521984,0.21123117895365873,-0.31380881899812896,0.38708134539988753,-0.34465480328904086,0.4497403157767047,0.8092
stren_R-PCU,0.34280303873440093,0.26632909086190787,0.36133883118878446,0.18824205757301452,0.3997161717081472,0.09964032475810854,0.4266354606537553,0.013542283086851565,0.44683824273571066,0.995
stren_R-RACG,0.4358734625868043,0.34623896863311365,0.4557520194258148,0.21082376559159777,0.48834511398432334,-0.008392384562532815,0.509335190989895,-0.09540723893186724,0.5192416924303076,0.9744
stren_R-RMFG,0.22495526474247848,0.14004350102625526,0.27130191169925505,0.021838104623226724,0.31812130722224846,-0.1487588098066401,0.3493716075828099,-0.19971227041716763,0.3652897752191537,0.0044
stren_R-SFG,-0.1806356607586711,-0.2580037198369927,-0.07230522731084052,-0.3244940573325886,0.06314206426181482,-0.3592726330701223,0.18364782418881873,-0.38660500137760745,0.28032508950080004,0.8544
stren_R-SPG,0.24519619358071001,0.16219637880756266,0.2875636020190474,0.09246600824863423,0.35131904130263586,0.03134957294177709,0.39088135086677045,-0.009271710048092484,0.4062104331598086,0.9856
stren_R-STG,-0.4461482874591404,-0.4674958847097086,-0.3511058768135044,-0.500500265308042,-0.20507992949136805,-0.517152930512156,-0.0031864880656020523,-0.5277911687371024,0.10453789904576578,0.1674
stren_R-SMG,-0.10448533342587744,-0.13902329782179632,-0.047478430042209946,-0.17534518181287012,0.025008351852814255,-0.1962930790818305,0.11075607411917136,-0.21027450244219498,0.17031598016407726,0.0872
stren_R-FP,-0.189780156349186,-0.20509687970066282,-0.14457521621539443,-0.22757953600845654,-0.08272292504975416,-0.24267220001096132,0.010314960076756927,-0.2484824812236835,0.055658867090114555,0.2036
stren_R-TP,-0.06423120487392889,-0.09467769527969148,-0.024935977914654794,-0.13926334336190085,0.006185364825930899,-0.1793367283326208,0.02468516148211241,-0.20705324335403022,0.03711991279576691,0.844
stren_R-TTG,-0.12957695827768476,-0.16400622887084965,-0.07139896764603146,-0.19650433052531852,0.002905929422525649,-0.212704440063979,0.08688913271355445,-0.22519279814348134,0.12839946812485634,0.2876
stren_R-IN,0.5281152552478169,0.4406238051240705,0.5321531726799298,0.32020669036860605,0.5580338755443129,0.14860121452065717,0.5752415204314136,0.02808647556329049,0.5808817838767811,0.9992
stren_R-CER,0.17150793192169572,0.08209768845592026,0.23803007338699297,0.014429274430631344,0.3096645441622826,-0.029838351349742578,0.34957548708827985,-0.06954499387893424,0.37204172001031965,0.7974
E_glob,0.2080351077114388,0.08099977954933422,0.30309695832109085,-0.024653252777893406,0.4414126396952168,-0.09861634535365277,0.5434806183786811,-0.1813434523924725,0.5952246472787981,0.98
optimal modularity,0.09198033893368139,-0.05536959308177455,0.21965545647212723,-0.2312381538456776,0.30995620763002013,-0.3138697449523181,0.36821200241016505,-0.379772403947452,0.4049831894388908,0.5196
BC_L-BSTS,0.023205257751706055,-0.004091761051941832,0.046466335456736944,-0.02738624925223177,0.07439981263971895,-0.0439180722494986,0.09353866069069189,-0.055434474359958144,0.11825745306094118,0.4228
BC_L-CACG,0.03667026151965208,0.007621875594036255,0.06322376596166254,-0.02772836277201532,0.08938995515384636,-0.055059813394527604,0.10995193932638675,-0.07633044334083725,0.13124939269760033,0.762
BC_L-CMFG,0.18106517944854453,0.10833235111819253,0.22026740035322337,0.0008967452607473054,0.25609141594664103,-0.11108952107700137,0.27413671743743573,-0.18309091480361706,0.28740452112855197,0.2268
BC_L-CU,-0.00879996897896011,-0.03705980174831103,0.024587774158597732,-0.06136862854881753,0.06665137171231925,-0.07812327551633923,0.09540122032450607,-0.09125419658575595,0.12100612178952849,0.0762
BC_L-EC,0.010265673934564859,-0.02097833911116576,0.04092742405574439,-0.06585791162785973,0.0667250014293568,-0.10130243612633309,0.08144777159757215,-0.12617523761091146,0.09026422650275712,0.1806
BC_L-FG,0.2585064836379728,0.17120705498178693,0.3004815910613537,0.042109546032472356,0.3393854809302239,-0.10968801681852015,0.35902751005797473,-0.19829366605680077,0.3698244093218319,0.9952
BC_L-IPG,-0.21418613236198034,-0.23122129006480832,-0.162383698383707,-0.26243173346696713,-0.12247092352042065,-0.28341858186692515,-0.08921279607965284,-0.2984001222036776,-0.046198546268754755,0.8842
BC_L-ITG,0.08244017462067199,0.034456470942160866,0.11565488545433206,-0.04749706797553512,0.146937313126193,-0.12757793070116766,0.16259396114439983,-0.18375600071366283,0.17315147172340636,0.9784
BC_L-ICG,0.1269577516615012,0.07324423597418273,0.15627395999488725,0.015901786562189116,0.19181235255969126,-0.03409245447182045,0.21421907188712214,-0.08040256576177394,0.23150702479195143,0.3058
BC_L-LOG,-0.043005095541379434,-0.07775467110282447,-0.0017545077851552331,-0.1209088406872583,0.03120725896241752,-0.14790551717521155,0.05338247959306614,-0.16729275854785058,0.06370048567794966,0.2534
BC_L-LOFG,0.2936992113674848,0.22590030271764758,0.31155565616045394,0.13382834521204365,0.337852948061124,0.030570871239403524,0.35242359431794795,-0.054283499166611335,0.36332208855797815,0.86
BC_L-LG,0.02153122939904817,-0.025038537076636985,0.05421208930247933,-0.10637831060727436,0.08437503694215172,-0.18145997646030124,0.10597508713573847,-0.24495784312053093,0.1315569491319924,0.4192
BC_L-MOFG,0.001509530972772049,-0.044462212491250895,0.039551001729310364,-0.11087772849287861,0.07199489581802024,-0.15612757184561193,0.09211631084765855,-0.18149508020200442,0.10156680334282486,0.0044
BC_L-MTG,-0.16203595394618486,-0.17493393420190212,-0.11784189218266103,-0.2025835565556241,-0.08340103076922191,-0.22239189930032605,-0.037874756672644644,-0.23667629048045022,-0.00461241732665719,0.4456
BC_L-PHIG,0.0016440790625616621,-0.015887541745961724,0.017830147320973343,-0.03185305722347848,0.03589084477160333,-0.04291014432647962,0.05283530500773302,-0.04968421228522077,0.06704293314626959,0.5464
BC_L-PaCG,0.13303520948535252,0.09633389320025598,0.14748768165926546,0.04897772293965091,0.16779408845359584,-0.0095827756337494,0.17993972857914214,-0.042282338409565745,0.18601071450815262,0.0754
BC_L-POP,0.0075876139956703725,-0.013664372772558667,0.023544414250504096,-0.04001778101199595,0.04099977478556339,-0.0602674898469808,0.05377808297683915,-0.07807188929780212,0.06570833384235572,0.751
BC_L-POR,-0.034978774234926624,-0.047137836503044296,-0.01854404598248962,-0.06291346633331589,0.002787595654590006,-0.07884493578119656,0.019227180206383827,-0.09220131093164873,0.03584969761660312,0.401
BC_L-PTR,0.03695812716845698,0.011462472789825604,0.05645333121628676,-0.015757890470934434,0.07651912148118477,-0.032357444408892995,0.09067812082982503,-0.04472077686755728,0.09835180756230498,0.1362
BC_L-PCAL,0.18639669041679274,0.12702458456890173,0.2099340520459843,0.06241221531426819,0.2416287201674329,0.0024941512279704563,0.2640086784506201,-0.053361897484498225,0.2806340127794695,0.7028
BC_L-PoCG,-0.4092514436370467,-0.413280978252846,-0.335678693806004,-0.4384908396941171,-0.23427431890486208,-0.4537127971654598,-0.08222449467740714,-0.4594443421811972,0.022677775854888414,0.711
BC_L-PCG,0.1451255179889901,0.09791573449903061,0.16247197842412206,0.04542389120689195,0.18526915099668478,-0.010409190378927484,0.19829403692592842,-0.049970011264550154,0.21133760416070654,0.3096
BC_L-PrCG,-0.3775662826273979,-0.39814888003815946,-0.29344960039474816,-0.42895103941749657,-0.1704595405648759,-0.4470618029792478,-0.029365697151871924,-0.45305655519253524,0.057168708699871396,0.9308
BC_L-PCU,0.27377751252607563,0.1852597534850522,0.3114435576022611,0.07833262892037064,0.35116542106065,-0.014701642916568666,0.37676300740098506,-0.09796472468548781,0.3883526365116119,0.807
BC_L-RACG,0.2139080707432674,0.16793792566045448,0.2260441803662733,0.11116041764434478,0.24941855328657744,0.053241541629620644,0.26722484270384383,-0.0027748658659417667,0.2764075148597892,0.4914
BC_L-RMFG,0.22069332378208215,0.13863186275888537,0.2642457574257057,0.0223193963147547,0.3061568748333723,-0.11530530371221934,0.3299261404290113,-0.20260847559016076,0.34536081163632587,0.4924
BC_L-SFG,-0.3568665724197959,-0.3923668493835961,-0.26598747995719,-0.436171429618822,-0.14245172496399375,-0.4597271387760821,0.018978680046536245,-0.48170487455634814,0.0855973917482328,0.9944
BC_L-SPG,0.119887144549566,0.06350696589626645,0.15812258031997153,0.014065704078087802,0.20681700442464726,-0.020069996064984923,0.2381587135422004,-0.04928221686754546,0.2575900499783762,0.6154
BC_L-STG,-0.025614930489813226,-0.06240405168977517,0.01219935414002459,-0.10610642661248519,0.04691251917620373,-0.13911816983679473,0.07007015717956058,-0.1728285974610902,0.0898661966418829,0.0816
BC_L-SMG,-0.31515706625110623,-0.3311258676716098,-0.2447091335572349,-0.36891512057756576,-0.1806646848008467,-0.3935701495067029,-0.08849613162224809,-0.40303487812995886,-0.013023253432373722,0.9756
BC_L-FP,,,,,,,,,,0.0
BC_L-TP,-0.06677814167858653,-0.08472294046404234,-0.04266854254101761,-0.11466913817384951,-0.02226276364064769,-0.13957866246650752,-0.0044392862544453985,-0.17367675488000392,0.02035036579964665,0.621
BC_L-TTG,,,,,,,,,,0.0
BC_L-IN,0.3256831280516661,0.25494531106132373,0.3418924523770515,0.16237540368753087,0.37246824838781495,0.05284021749321765,0.39207851611254513,-0.04253150624331762,0.4045931817055063,0.9366
BC_L-CER,0.1861371128911742,0.13080714678955535,0.21307402649762977,0.07072892760914229,0.24850130962728184,0.027503922354917474,0.27254338752345464,-0.010994209457738543,0.2880584515105348,0.8908
BC_L-TH,0.027977467302856808,-0.022755860739995273,0.07638697098893239,-0.06583395086958603,0.1430389052909141,-0.09329156344641115,0.19813264816162118,-0.10966531373808111,0.22090670270223117,0.739
BC_L-CA,0.2866071121328694,0.2263674996997083,0.31143095183284975,0.17386635621266983,0.35349924926891124,0.12206077538160902,0.38463230309820895,0.08073139448430838,0.3979400516411957,0.9918
BC_L-PU,0.3979895697168665,0.3103121369078921,0.41772717264547304,0.18755068662723484,0.44754593910081125,0.02074051270402713,0.467494127974432,-0.07385101787944243,0.48067165290042113,0.9436
BC_L-PA,0.06568257678715182,0.027833433745408434,0.09181676795821361,-0.008839693527748447,0.11813681584596043,-0.04061110679550693,0.13726907675686545,-0.05670374711862372,0.1442402731109927,0.129
BC_L-HI,0.20209026447675504,0.14191117614473664,0.22819838718245025,0.06658230228331215,0.2601309085620219,-0.04445234936494355,0.2796935374798406,-0.09175328759009779,0.2884876215084389,0.4966
BC_L-AM,0.1915097263085871,0.14295412819117628,0.20551650985620784,0.08587382582607936,0.22903126497964188,0.019686566227642126,0.24339747703888298,-0.036052594643478916,0.25645370818364,0.82
BC_L-AC,,,,,,,,,,0.0
BC_R-TH,0.08565118110649708,0.03005028746590329,0.13392478717275935,-0.014319890177284144,0.19545624152415778,-0.04525971869390705,0.23335157712396556,-0.05996151511528357,0.2597790794838977,0.811
BC_R-CA,0.3095727752276464,0.242631718968461,0.3327663021263838,0.17973579151781724,0.3723683417263969,0.12348955021067698,0.39354585240307954,0.05655324903373363,0.4100800084010469,0.626
BC_R-PU,0.38322670515473445,0.30024633873040596,0.39733897544315666,0.18097044285654,0.42651580329348737,0.022123021310858883,0.4442172619317668,-0.07585978505551141,0.453513101529114,0.9456
BC_R-PA,0.050124450159236014,0.016152078090922083,0.076479133302809,-0.016651876037767337,0.10357321958310793,-0.04426372605438708,0.12424859079260558,-0.06666954743701335,0.1344007299261687,0.6254
BC_R-HI,0.3140238864728354,0.24960008348913296,0.3335794914192764,0.16477767579545421,0.3651431829875161,0.04916795356488535,0.38378065327046323,-0.03526331891378944,0.3967526256537733,0.9466
BC_R-AM,0.2319350175609152,0.17669471690724003,0.2444755154171925,0.10645598046672572,0.26799694754639497,0.017658962430169286,0.28192715262775797,-0.03682232380417884,0.2866905612910298,0.8938
BC_R-AC,,,,,,,,,,0.0
BC_R-BSTS,0.04817721369601226,0.0204528121584202,0.06654003290963352,-0.009586365622032774,0.08706865972120198,-0.03390150393334213,0.09973773815037347,-0.052063820512448504,0.10676033551684286,0.5036
BC_R-CACG,0.0742848509453679,0.03663355999656082,0.10197370543376615,-0.002478221179396757,0.13402467646455815,-0.028874792474011597,0.15511786752201362,-0.05203417673671836,0.16447523204001507,0.9654
BC_R-CMFG,0.1507452279060995,0.08071600287610893,0.19070024301571653,-0.017883590448461727,0.22418637207420927,-0.12509027156518288,0.24853312544609638,-0.18184645502640148,0.26201988571185275,0.0688
BC_R-CU,-0.05262884665807438,-0.06619902803287483,-0.024227752280857367,-0.08482213387608485,0.0036755295783835362,-0.09451063145667025,0.022548825252176843,-0.10196074000855201,0.040722377657865974,0.7068
BC_R-EC,-0.03540655559538295,-0.051165704863141245,-0.01133082509864427,-0.07229205783499688,0.010230721406961721,-0.08616056544087969,0.0235207508514558,-0.09626692703777812,0.033019340045280274,0.306
BC_R-FG,0.29950684241655334,0.19875599823733056,0.34143213872010014,0.049708311611053296,0.37990715644887874,-0.12460444737075209,0.3977610219993552,-0.2094459935191,0.4159289581731243,0.5774
BC_R-IPG,-0.2874675744943232,-0.2973751755234167,-0.22825410958667924,-0.33142791971263696,-0.18800192668846052,-0.3534886725396406,-0.14546549356038113,-0.37376500809432434,-0.09119714880338615,0.9956
BC_R-ITG,0.06487411213548036,0.025151889523987232,0.09440179053574294,-0.03219473592055895,0.1216143810374685,-0.08566839750501855,0.13749363658027258,-0.11956771471982577,0.14742721715267376,0.4672
BC_R-ICG,0.12297190910972876,0.07154917393375204,0.15076184399335057,0.016229741869459344,0.18738501321996642,-0.03089592223088606,0.20710817660021466,-0.07187649580749157,0.22803231508439098,0.3914
BC_R-LOG,-0.052899452504145274,-0.08766513475492914,-0.017193710132614372,-0.1324353421348052,0.014156628305483284,-0.16430885299906328,0.0310513026448899,-0.1794741757560426,0.042396452333769465,0.9778
BC_R-LOFG,0.1961461393997118,0.13389516269984003,0.22744332198812917,0.046883861264606565,0.2590184245867694,-0.03868222885454585,0.27940677250438356,-0.09464208187883032,0.2902576897378996,0.7818
BC_R-LG,0.07212263368221351,0.030972960602141233,0.09762365216207655,-0.003775825953902233,0.129034253207526,-0.02922873498312731,0.1497361645775554,-0.04073452735844803,0.16411645837937677,0.6766
BC_R-MOFG,0.07938023471221128,0.026385579423144557,0.11613811149097465,-0.06010418276759324,0.14606345917238875,-0.15917031254626993,0.1660166616898884,-0.22914823088095762,0.1782077947979494,0.7342
BC_R-MTG,-0.23916808026992875,-0.24694052516408482,-0.1916197589862257,-0.26642837353239696,-0.1321095560327252,-0.2770642940321917,-0.047519041198370526,-0.28762413198402353,0.007257201403814604,0.6492
BC_R-PHIG,-0.05815590860903799,-0.0777001709238039,-0.026757794578252538,-0.0969118174774328,0.00982759854841759,-0.10793395449644713,0.049385104455345205,-0.11520989617138756,0.08391281082560004,0.028
BC_R-PaCG,0.16387394695472518,0.11483751827304117,0.18162489593011108,0.05568548642306207,0.20457070698894947,-0.028354859594152404,0.2209505646017406,-0.07323063976778788,0.23167953898829582,0.7676
BC_R-POP,0.008451869781679954,-0.010326067853727102,0.029755058778453337,-0.03439694057125336,0.04994089322560152,-0.05431449263732355,0.0630990232552049,-0.06617415580966172,0.07248849512021427,0.3742
BC_R-POR,-0.03751223265619652,-0.053189886704834634,-0.017653525027318307,-0.06948851213068476,0.00010761583463712574,-0.08107525401628377,0.013848403034130125,-0.08876367307137163,0.024630292022880456,0.6294
BC_R-PTR,0.03077556571903663,0.006708152966346265,0.051107597304914494,-0.01672485672579961,0.07337034312950476,-0.02983182918688486,0.08661909054937199,-0.04138291133293991,0.09493354928325311,0.1702
BC_R-PCAL,0.14091025037634833,0.08667723214623398,0.17091858013713193,0.024127530216493588,0.20236216934726714,-0.04237123850069501,0.2232197731225222,-0.0741760640632997,0.2345856290250128,0.1146
BC_R-PoCG,-0.40840385145378166,-0.41507601760641905,-0.32907773874712587,-0.44494583001656013,-0.2186889250883309,-0.46191074455519326,-0.04773239986733397,-0.46883628242158915,0.04094978849527673,0.6232
BC_R-PCG,0.1363006794506052,0.09713459970568357,0.1563777839893262,0.06185631060190312,0.1893324461253491,0.02530615752469727,0.2149069502462414,-0.0016490345319514982,0.24150062921025942,0.1726
BC_R-PrCG,-0.35517008336889977,-0.38123966371908913,-0.2678383807549878,-0.41342568663122514,-0.13818811378641538,-0.42855279556946446,0.020508977310433323,-0.4387593867519218,0.10688064917108514,0.4266
BC_R-PCU,0.2851227918374407,0.19724246724950364,0.3249860249818403,0.07904800573511664,0.3642428933971706,-0.0095193165045902,0.38916896982262744,-0.10765488983916124,0.40255063604749713,0.858
BC_R-RACG,0.18813259490553763,0.1458659562786866,0.20286231579871014,0.09986457222399378,0.22807854652828402,0.04151046446437416,0.24658734253352485,-0.0007947930230555694,0.25769098265690665,0.907
BC_R-RMFG,0.19065021134037868,0.10743693218550149,0.24007291891976965,-0.01557553208441281,0.28422380877481046,-0.14737113577602365,0.31089713057589013,-0.21910430348631302,0.3296825488124387,0.8536
BC_R-SFG,-0.35768424234288665,-0.39413645144775633,-0.26479112559182993,-0.43893663207077255,-0.13884096415069916,-0.4638858685646253,0.0298021497253126,-0.4852663064355778,0.08717321923429058,0.9908
BC_R-SPG,0.11310343961363209,0.052969452207595545,0.1512474216878431,0.005585287618769527,0.20789764746708747,-0.03364151199808467,0.24134869297839273,-0.05815695426252095,0.25489259011159643,0.7304
BC_R-STG,-0.16339787328376093,-0.17781545898787904,-0.11903870788057144,-0.20141766097739447,-0.07459049791188596,-0.2170763867209842,-0.008981495143879574,-0.2275048507891238,0.03546099956337694,0.2916
BC_R-SMG,-0.33070865856116377,-0.34829296332299775,-0.2553504460865224,-0.38606578574050443,-0.17955122269402576,-0.412437904233781,-0.06908973841837039,-0.43244427313350875,0.021473845095732306,0.943
BC_R-FP,,,,,,,,,,0.0
BC_R-TP,-0.1108079196099612,-0.12201947605942548,-0.08168272706346057,-0.1395874930172872,-0.050444455668133166,-0.15037835157609689,-0.011411080825393998,-0.1565007730394294,0.020255129705835696,0.4496
BC_R-TTG,0.026394264800937355,0.004259286312385199,0.036141391053532555,-0.01816994431278821,0.050380643091855914,-0.031038546112845955,0.059768621737866685,-0.03807886772245123,0.06672706573055097,0.463
BC_R-IN,0.24100527074721725,0.17615185656905236,0.2639875820501025,0.08902894588368238,0.29360422438257144,-0.016739704581553654,0.31212742539221705,-0.06707699197963067,0.3240529178187892,0.811
BC_R-CER,0.15835906684475268,0.10758352685135626,0.18268078186841183,0.05394141860566521,0.21756180002582257,0.0037935959283641463,0.2420529203867318,-0.031216621940332406,0.2522077136273656,0.779
normalized_modularity,0.0681119041372904,-5.812153502180078e-05,0.1496234104035521,-0.05231591421557782,0.2617157574376855,-0.08616125232567094,0.35347673328458373,-0.11145440098852968,0.4158852553691042,0.9996
normalized_avg_clust_coef,0.06693845077492873,-0.1524113557946572,0.2811355269510169,-0.37529623542549995,0.43469199262739877,-0.5031074888655858,0.5321759214782613,-0.5715287140665396,0.5830281945632448,0.0728
normalized_charpath,0.058636372193158044,0.0005473843401744543,0.11905802164575902,-0.049188529026979746,0.2012056403755352,-0.07893348817371655,0.27555906211855186,-0.09652117609579576,0.35749235943504015,0.8898
normalized_E_glob,-0.3295964338890707,-0.4340409553610055,-0.16641800698634376,-0.5255907164347675,0.03627531241743389,-0.5815588092011579,0.2377176897151794,-0.6254545303928364,0.34735919798676707,0.9126
small_worldness,0.016959005792470554,-0.08440587958929259,0.11246647535339466,-0.2063600070825082,0.18794012869544388,-0.3038797598155151,0.2274432941740724,-0.3461519148980277,0.25976904125607597,0.661
norm_clust_coef_L-BSTS,-0.29004190140707287,-0.34780475577204234,-0.16815747569218778,-0.40905944016816365,-0.05358620302897705,-0.4467591358897824,0.03837840275534898,-0.4695039972638937,0.12787117700761216,0.9682
norm_clust_coef_L-CACG,0.07895244891252973,0.017693856066432607,0.13880178627422565,-0.04953415203746397,0.19651624497718503,-0.09779515094626763,0.23400861508678786,-0.1269175072755783,0.25097636534575024,0.7636
norm_clust_coef_L-CMFG,-0.1799224255489087,-0.23798065594421575,-0.07885819229111389,-0.29385132454815205,0.04590460116078061,-0.32382475069229094,0.17378892719710867,-0.3511907716360713,0.240546068509496,0.1824
norm_clust_coef_L-CU,0.04675245167531929,-0.031172679009402755,0.11462140197751605,-0.10999700586267021,0.18015165433491484,-0.16434280596086057,0.219473724529301,-0.18628732596946004,0.2429242667457478,0.8786
norm_clust_coef_L-EC,0.14483040396808033,0.06531922859519912,0.1967117270038567,-0.05655301446549956,0.24112579194623046,-0.19775273891475464,0.2611943921381348,-0.26143581624334833,0.2697705344230205,0.725
norm_clust_coef_L-FG,0.05659191945585384,-0.07222064892809643,0.17269781142812568,-0.21487498778468297,0.25842392779710016,-0.30048265898721427,0.3132321983935822,-0.3441573775111815,0.3569155955035218,0.7354
norm_clust_coef_L-IPG,-0.05297296604144224,-0.16678092309228737,0.06727877248619857,-0.27024870395279205,0.17533717582435704,-0.34108991273415756,0.26754434472882854,-0.3749533980186106,0.32401145381261204,0.3426
norm_clust_coef_L-ITG,-0.15844524697173873,-0.2570874810330212,-0.02397088165401708,-0.3627494659541543,0.0784692310339902,-0.42254288958689534,0.15762774512223587,-0.45066160460345306,0.20399105863135203,0.9204
norm_clust_coef_L-ICG,-0.05893471119129709,-0.10802682186922269,0.008155051755112067,-0.15924494549740453,0.09742098824098665,-0.18340446724633133,0.1747870059822193,-0.20737768096371656,0.1999452265420142,0.6758
norm_clust_coef_L-LOG,0.17077236424633616,0.03803498639509886,0.26947643646500624,-0.10183910360429116,0.34821731314706916,-0.17539920374928927,0.4011372348426702,-0.23165268594503724,0.4388675090058075,0.7444
norm_clust_coef_L-LOFG,0.29123912113482603,0.1712936357413707,0.3670403196500506,0.028343519510904053,0.4291134366148548,-0.0682832631776639,0.4669523272806599,-0.1479479430796655,0.48459268960751445,0.8502
norm_clust_coef_L-LG,0.09480152563267696,0.001297135297123832,0.1665257752428354,-0.10545552507514004,0.22251954459313017,-0.18302050608442408,0.2620429157813625,-0.22715786135638097,0.28361068183264326,0.085
norm_clust_coef_L-MOFG,0.10599642587605497,0.025138217550919262,0.1680239892042028,-0.06796981704280003,0.21783266409296012,-0.12586238835175723,0.245861127362975,-0.15954974350628726,0.25675259384592275,0.6796
norm_clust_coef_L-MTG,-0.22909040010815884,-0.31071812864957776,-0.09716618300307771,-0.39747665670818016,0.005107091309636584,-0.44145978202331515,0.09300994854329557,-0.47261063524478336,0.15466663875956307,0.8416
norm_clust_coef_L-PHIG,0.13870907940992525,0.05771726075867894,0.19009239565970457,-0.03785764626409474,0.23510563749790817,-0.1237090862888518,0.26096072776391116,-0.1851936895370516,0.28437063174157173,0.096
norm_clust_coef_L-PaCG,-0.18203828832957203,-0.23938595258470505,-0.08653229032338453,-0.29361950125656167,0.04679733930316528,-0.330490024520823,0.1699474148497545,-0.34551591774845924,0.2442671209050486,0.1968
norm_clust_coef_L-POP,-0.29293940009904973,-0.352839206335381,-0.1658558452465438,-0.4114823337603681,-0.01612590684811321,-0.4364001915369239,0.13998326054402785,-0.46235573749396247,0.23178388752741474,0.7278
norm_clust_coef_L-POR,-0.010366893308928328,-0.10861237571431577,0.10279076003832656,-0.2066419005376665,0.19819960873497144,-0.27120461369834636,0.24685488589711452,-0.31994147802505907,0.28966762173184396,0.256
norm_clust_coef_L-PTR,-0.16980141120355804,-0.2615635985809671,-0.038268792239574835,-0.33543672541424024,0.08440802075524091,-0.3857886031600084,0.20154219555694303,-0.3966790216103015,0.24946904560796665,0.6764
norm_clust_coef_L-PCAL,-0.014713918140242761,-0.11378928409166326,0.0864626429673134,-0.22370084642997734,0.17365086152615378,-0.2837754690279549,0.23660140434099028,-0.3212871448111279,0.2946219314106927,0.219
norm_clust_coef_L-PoCG,-0.3454557167049963,-0.40121407022108635,-0.2260901926711977,-0.4534584922854681,-0.05005768947382568,-0.4831645417577817,0.14392903279874614,-0.5012569959216057,0.23630954423471237,0.8896
norm_clust_coef_L-PCG,0.01943961543291544,-0.039006676633401474,0.08333416110686773,-0.09459829260825124,0.16579299875235004,-0.1311561068426669,0.22904210240984577,-0.14864205388641455,0.25862870858646636,0.7504
norm_clust_coef_L-PrCG,-0.3832826225157756,-0.4374269328101372,-0.26262142858491166,-0.4913022088589661,-0.060471339204384036,-0.5215076508319666,0.1795397227405444,-0.537542744764737,0.278759122199006,0.9466
norm_clust_coef_L-PCU,0.12602992571187263,0.026502922638623465,0.2080108369502949,-0.07006591119687221,0.2985628914578557,-0.12353595612095616,0.3573180113954972,-0.1709298742744251,0.38592735448227716,0.7396
norm_clust_coef_L-RACG,0.20754362754945999,0.11221534517546146,0.2713758729770333,0.0002968759331752637,0.3293315524211001,-0.10799140744567393,0.36606727883644624,-0.16279230452062826,0.39150227834031737,0.5842
norm_clust_coef_L-RMFG,-0.03379271062612463,-0.08446613699991605,0.032525497581489975,-0.1302964144114452,0.1028944131262679,-0.1587990150693366,0.15448283379669558,-0.1765096065280516,0.1823316781615356,0.054
norm_clust_coef_L-SFG,-0.21321186157145006,-0.2722382497075421,-0.11582526037721033,-0.3217818752940515,0.04594940176593629,-0.3459411537586301,0.21945437671283388,-0.3601100817711684,0.27205194962614776,0.7226
norm_clust_coef_L-SPG,-0.009458397423914192,-0.08862487381316442,0.08199666757655824,-0.16144548041673776,0.19606370063986137,-0.20496400688646926,0.28386753454627245,-0.2416606705864487,0.3352714491636014,0.9498
norm_clust_coef_L-STG,-0.18905349456926188,-0.2686800704416897,-0.06988476423762392,-0.34284505577498753,0.03453107719381495,-0.38331348093812706,0.11750366566866585,-0.4049902391873954,0.21130482688007063,0.923
norm_clust_coef_L-SMG,-0.2855907701301343,-0.3670568187458997,-0.14773385350924473,-0.44277619505249416,0.00197818217400101,-0.47644194692852954,0.12722106221104665,-0.49965173796068574,0.21585641037261005,0.9584
norm_clust_coef_L-FP,0.05152007877761921,-0.01131144242271557,0.10179608243835091,-0.10676495015234866,0.13844563049797962,-0.19384447012917883,0.15901778379910622,-0.2305841663480627,0.17640909436848298,0.7324
norm_clust_coef_L-TP,0.09587448078676276,0.01793561706444427,0.15641047856085608,-0.11477889141670486,0.20199864445226928,-0.24631915265823456,0.22778301438627707,-0.29733226007225977,0.2436780823123868,0.3266
norm_clust_coef_L-TTG,-0.2535448900283068,-0.300385170799219,-0.15582251498909086,-0.34846986560847154,-0.0412886806384748,-0.37388386998645196,0.06054578110271607,-0.39010739013591866,0.1178373895836112,0.9808
norm_clust_coef_L-IN,0.10100273320822163,-0.006758609392180885,0.20129217887407294,-0.10419682576742939,0.28576790057210816,-0.16825961189332903,0.3519349040211473,-0.2379356909772708,0.3890759422246722,0.5446
norm_clust_coef_L-CER,-0.010211940773635103,-0.06504014367441596,0.05390442293767044,-0.11725678068913481,0.13649273271385295,-0.14354342524316044,0.20422063247507924,-0.1670323882635208,0.23519975021545056,0.441
norm_clust_coef_L-TH,-0.09534509648791205,-0.15865306560147457,-0.007672192945206597,-0.2151529132283742,0.11460235654748148,-0.2522618505011543,0.22879514268310938,-0.2691906580501613,0.28972388105846214,0.935
norm_clust_coef_L-CA,0.18553521077546223,0.11444578807897021,0.2434063667840704,0.04485768787285509,0.3078441615703657,-0.0028307821077895624,0.34602096063776644,-0.04108823719262634,0.37122791154660556,0.1296
norm_clust_coef_L-PU,0.18912933094095866,0.07118033857391691,0.2881263265247837,-0.03906190492404049,0.3852222339324401,-0.11130576421674711,0.4468538953280543,-0.1655377602282215,0.4853845600784912,0.8592
norm_clust_coef_L-PA,0.09799240371498143,0.01274356776674958,0.1806973782594063,-0.06687753396756618,0.2548054850008487,-0.12279780048304431,0.30252021476756524,-0.17361405981472952,0.3330372790235837,0.7502
norm_clust_coef_L-HI,0.12953762506962968,0.05652991427097868,0.18204899455766546,-0.03999626062023742,0.22865519018900615,-0.10311596029450014,0.2512073585646461,-0.17296607646221482,0.2673208983121349,0.9082
norm_clust_coef_L-AM,0.13924373732530687,0.06252205996777052,0.19602809879175392,-0.04251676306793899,0.24066535367977804,-0.12191379407704357,0.26544856987162635,-0.18350360090675458,0.2753033961025232,0.4908
norm_clust_coef_L-AC,0.23692294738387856,0.13986524705146172,0.29069898684558887,0.023708612347396973,0.3328825362610142,-0.08133165153042037,0.3565098209780903,-0.1405069902491029,0.3691947940325237,0.9942
norm_clust_coef_R-TH,-0.04971333894406918,-0.11547641863279767,0.034970113153592886,-0.1754906328806723,0.15377689651143583,-0.2112413801064298,0.26373611862378504,-0.2453316834818979,0.31737335983672665,0.761
norm_clust_coef_R-CA,0.267778281717182,0.19224819434523555,0.3146440868878811,0.13666017346278875,0.3739767855226083,0.08978219099431695,0.4141505243195435,0.06367987321869203,0.4314739214565838,0.8958
norm_clust_coef_R-PU,0.21164152395568586,0.0857231983677458,0.30949817348486236,-0.027533134010831555,0.4113484275047165,-0.10684680714047659,0.4777506000472249,-0.1719973967696982,0.5127094071195938,0.9866
norm_clust_coef_R-PA,0.16748655049196662,0.06117027068718915,0.25583738324005184,-0.043552521638707244,0.3343856448828275,-0.11534852282387646,0.37746903561734013,-0.18025022770473065,0.4151871422924643,0.7792
norm_clust_coef_R-HI,0.31245431466947227,0.20834893852899306,0.36488759347403504,0.07537893519048905,0.4120745427482669,-0.020793999489932442,0.43359234176641787,-0.09867611163474874,0.4467339367610378,0.9248
norm_clust_coef_R-AM,0.2546253216639007,0.15281718079589762,0.3130669258922842,0.009486443707213825,0.3610406244063016,-0.12333299162866837,0.38785441234941764,-0.20023700862788912,0.4011406961314838,0.968
norm_clust_coef_R-AC,0.24774290758488715,0.1509765780269842,0.30078470984675376,0.03460996782931134,0.3418523528705583,-0.07133799261453626,0.36440006595741264,-0.13333138954285106,0.3852369131371672,0.8292
norm_clust_coef_R-BSTS,-0.2288716380637413,-0.312026894031686,-0.09612985064746707,-0.3969642248490297,0.03385398517350757,-0.434808238021351,0.14008497335312775,-0.4710343351892247,0.2225327357679018,0.8504
norm_clust_coef_R-CACG,0.14263939810071113,0.07967464824950772,0.19121693991018582,0.021150051435009882,0.25204482355116775,-0.0171778369998195,0.29825289049055514,-0.03786413693675428,0.32948345496975456,0.971
norm_clust_coef_R-CMFG,-0.18805732233149916,-0.24810777960779984,-0.08799587568885095,-0.304270096344567,0.02710401529997533,-0.33733446906847186,0.12833557291106615,-0.3508093142225243,0.18667220663418102,0.38
norm_clust_coef_R-CU,0.12155696062486034,0.029268214450743766,0.19413719958248046,-0.07162617073437358,0.25434408305848893,-0.1335733829810901,0.29310856798523827,-0.1825261452289932,0.30772009321082033,0.3988
norm_clust_coef_R-EC,0.19562436964783972,0.11047784156863191,0.24596649834294465,-0.016845243333210535,0.28841117725817905,-0.16630235757344533,0.31341914405674387,-0.2452960433411778,0.32554489391797253,0.0468
norm_clust_coef_R-FG,0.05324486231078476,-0.07164996149007598,0.16820286579927096,-0.20901904950313646,0.2548396206182591,-0.27925315588085775,0.3130767372108019,-0.3371264554183375,0.33652699389973306,0.0296
norm_clust_coef_R-IPG,-0.14066726843691948,-0.24402294892393311,-0.010596613943895283,-0.3422310297846439,0.10241472826869097,-0.39182200117673466,0.19711223933314,-0.41964536081114406,0.24054688820295952,0.8262
norm_clust_coef_R-ITG,-0.1260000177643199,-0.2342687665553524,0.010604535519448186,-0.34810984282160257,0.12005036687607365,-0.4143938961994312,0.20226109647168333,-0.4470958601726508,0.24436938588153387,0.7328
norm_clust_coef_R-ICG,-0.045932233001213185,-0.0964032496411847,0.021970845929826406,-0.1431007763607612,0.11616810850151564,-0.16972671904869907,0.19074755156836887,-0.18406528148462653,0.2398806618388895,0.966
norm_clust_coef_R-LOG,0.11930882706654572,-0.007628761830152977,0.2258798466144425,-0.1459257718041302,0.30880603027366965,-0.23029286003211438,0.3639762322525552,-0.2659367404906727,0.3883082460832823,0.2506
norm_clust_coef_R-LOFG,0.2707889692878849,0.16010839917217937,0.33867067986575516,0.0172390057518475,0.3918634165765954,-0.08334645939357442,0.42426968663822634,-0.1592458844310603,0.44562066707088416,0.853
norm_clust_coef_R-LG,0.11524630878475167,0.019109416153467194,0.19009494016919604,-0.09578947757749422,0.2514845198050516,-0.1512225728392927,0.2796232538381204,-0.19929050736443607,0.3137696138046356,0.6728
norm_clust_coef_R-MOFG,0.2135258886817295,0.11624813746147543,0.2706225097756252,0.0056136214293944975,0.3185992186897187,-0.09062574718421385,0.3448185301482083,-0.1651495295837416,0.36187783770495063,0.9164
norm_clust_coef_R-MTG,-0.18334510448281074,-0.2796084192514362,-0.04914851940839143,-0.372030196910606,0.0649892901293637,-0.4259913161724114,0.15114044366599078,-0.44679354531451765,0.2066455154380166,0.2416
norm_clust_coef_R-PHIG,0.17774911463677603,0.08457993750250169,0.23498103885383437,-0.026010844609122917,0.2850384035434978,-0.12572780874641432,0.3131395090872861,-0.18133509150327504,0.3252122986116565,0.7416
norm_clust_coef_R-PaCG,-0.165364449804497,-0.2250997781310242,-0.07305475320040372,-0.27894852668869685,0.055067739949689706,-0.31357217690482075,0.15831462756802384,-0.333754278894001,0.2181196989932913,0.1226
norm_clust_coef_R-POP,-0.31235888222198943,-0.37024153731717574,-0.1929153336792049,-0.42285833952624347,-0.04547729271881077,-0.45085353653307336,0.1190023983041591,-0.46189840534939175,0.189829918962155,0.9442
norm_clust_coef_R-POR,-0.039782536105928544,-0.13673336482317663,0.06826801369421104,-0.23845256479622737,0.15408451979171317,-0.30467848175990164,0.2079699594205127,-0.3434633581221869,0.23988991084229516,0.5832
norm_clust_coef_R-PTR,-0.17900300500681243,-0.24848764026177012,-0.07374295415412757,-0.31194075644502767,0.02805876871286235,-0.3448520877327326,0.12103040003193019,-0.36852325689414456,0.16835501554976495,0.8468
norm_clust_coef_R-PCAL,0.07569077438790218,-0.029772583085061873,0.1650352156232765,-0.13820757020469143,0.24095565326484839,-0.21043792841852357,0.29009133245810576,-0.24886685554125404,0.31236287721441747,0.2036
norm_clust_coef_R-PoCG,-0.3638276098572313,-0.42321973730477985,-0.23780148062998888,-0.4775323923876572,-0.06460141808777763,-0.5073858665654006,0.12908295181398338,-0.5253379065014611,0.20506353420960888,0.8022
norm_clust_coef_R-PCG,0.026110956315938277,-0.03336595858873011,0.08672023794447216,-0.09043591248137933,0.16164101332245323,-0.12344126886159547,0.20684033394595072,-0.14838563144483327,0.26122642147929104,0.9658
norm_clust_coef_R-PrCG,-0.3989522583097736,-0.45369521415565295,-0.27685447028692,-0.5074448930914743,-0.07133315410950915,-0.5366161629185036,0.1524382958351062,-0.5516144934104987,0.2702698182485795,0.8252
norm_clust_coef_R-PCU,0.12056157928323734,0.031073768388059215,0.19663892465236454,-0.054336703426858465,0.2751659131036547,-0.10938038086087655,0.3264045963994207,-0.14152488153714698,0.35557413409842453,0.9418
norm_clust_coef_R-RACG,0.19032677335411402,0.10110237967222413,0.2526023527649369,-0.0015822539674828725,0.30602301035178525,-0.09172747510950453,0.3373959232598194,-0.1324643759263543,0.36167816149153803,0.9088
norm_clust_coef_R-RMFG,-0.0018612326338139976,-0.06042445933475057,0.06540600177351957,-0.1117067517215192,0.14413026392094444,-0.14042211228696758,0.19674436035722737,-0.161271062963127,0.24297152352891296,0.0906
norm_clust_coef_R-SFG,-0.24966375534135551,-0.3024557992185757,-0.15444204697036426,-0.34748750581653015,0.009077096759553784,-0.375663350401123,0.17862261767759868,-0.3939395796601969,0.24226139437718408,0.0094
norm_clust_coef_R-SPG,-0.042728765814039484,-0.11157749220792412,0.0444135896247584,-0.17419289167519125,0.15173969366361342,-0.21716584041557135,0.22897552464638643,-0.247447782663962,0.27282314590452306,0.7794
norm_clust_coef_R-STG,-0.19229159709473906,-0.2814374040475484,-0.064875277298694,-0.36336416376371916,0.05656895198452953,-0.4082693551492727,0.15881367900210913,-0.43220668159188835,0.2369481423864851,0.2062
norm_clust_coef_R-SMG,-0.298781969472527,-0.3876247744618658,-0.15244662039543772,-0.47093307004795215,0.004597177174323193,-0.5038448455004065,0.14094914341110887,-0.5314573768232648,0.22036221290086141,0.968
norm_clust_coef_R-FP,0.09294980027314766,0.023966961950161517,0.14201033882524638,-0.08893545779940723,0.179243805687741,-0.21255838278108405,0.20187853060162828,-0.2797171823646348,0.21752101256478695,0.6224
norm_clust_coef_R-TP,0.2433677363195628,0.14294850100073253,0.3017171904188085,-0.007092056910408103,0.3511589424319675,-0.18375675564249153,0.378390256773405,-0.2737636194925718,0.39137229217231023,0.8278
norm_clust_coef_R-TTG,-0.36802635445504805,-0.4005902450213313,-0.267324900506124,-0.4424342494914883,-0.1319709121839201,-0.4671616749223521,0.030442819684859353,-0.4817230569403399,0.12141699363135364,0.797
norm_clust_coef_R-IN,0.14644733148134845,0.03249794187140042,0.24179754342002413,-0.07349693352338865,0.32961411896219267,-0.14607374950270632,0.3734433417578737,-0.2016394637703697,0.4102769519556882,0.9576
norm_clust_coef_R-CER,-0.018246660697498765,-0.07171108751829479,0.053533645350415056,-0.12863895500934713,0.1372875598273221,-0.16222484682760038,0.2106695055554252,-0.18581432476346638,0.24707283581723413,0.93
norm_Cc_L-BSTS,-0.41436390966114467,-0.42291444267109163,-0.3286055901059881,-0.4500413510202668,-0.21699934518520986,-0.46742548521481253,-0.05940173063462857,-0.47871992775026734,0.02924565778191338,0.9848
norm_Cc_L-CACG,-0.3704544788617759,-0.415527699124218,-0.2577002635994416,-0.4660166806735557,-0.1178246181933412,-0.493505178864916,0.04956193432977801,-0.5119674728755936,0.16350748029415965,0.9608
norm_Cc_L-CMFG,-0.44883479420310374,-0.5037314421678798,-0.31414376697078883,-0.5543475926273527,-0.13722303364182806,-0.5870049425518866,0.041021053793728,-0.6034413787661302,0.1974450910339342,0.9834
norm_Cc_L-CU,-0.11306314036690854,-0.15997202978222827,-0.04515582398765237,-0.2048657765438126,0.04765681868863076,-0.23435420682623367,0.11906440068761515,-0.24713374905570604,0.18522951435969276,0.322
norm_Cc_L-EC,0.2117049304411098,0.12107710838881883,0.2637790257220755,-0.014964833026616317,0.3136643137654075,-0.1819677477308042,0.338926981531379,-0.28611160158799737,0.3599611267499532,0.8356
norm_Cc_L-FG,-0.04889187207326719,-0.10816337479164058,0.01891246447417179,-0.192102036668964,0.0807135629774586,-0.2530955399877762,0.12001543339488661,-0.3017074142678974,0.16873189232325156,0.214
norm_Cc_L-IPG,-0.39798455649719044,-0.4226913530003263,-0.3000584036345698,-0.4598121098009567,-0.17574623643668646,-0.48354812806168307,-0.04040602679038565,-0.4985931652865976,0.058109764224613274,0.9492
norm_Cc_L-ITG,-0.1625588474281184,-0.20617788900653242,-0.08609016992036092,-0.28949288152118346,-0.03597473305728324,-0.34769653155204755,0.005356356086529936,-0.3839935092171134,0.04060940687274644,0.9912
norm_Cc_L-ICG,-0.024424981771933387,-0.08957372007294653,0.04556370441135079,-0.14298342491223673,0.13871328422349333,-0.17930866281572044,0.2174820727985717,-0.20123808042229466,0.26717176077440496,0.2054
norm_Cc_L-LOG,0.02509112972689163,-0.046379865240104345,0.0949459887092054,-0.13179072168708242,0.1633717993238036,-0.1927341796351071,0.2163778862852007,-0.22621246310379245,0.2584784108276663,0.032
norm_Cc_L-LOFG,0.14248355766163662,0.06686915811867436,0.1991868905715433,-0.027622014945559315,0.256467835817872,-0.13160037081901124,0.2969851154642923,-0.20301826409110835,0.3225060687736049,0.3602
norm_Cc_L-LG,0.028720965761073886,-0.03688302345613731,0.08863209220248937,-0.11350469613732231,0.14695557369062323,-0.18367481807549754,0.18615230541011996,-0.21353442045821014,0.2176122606634092,0.1504
norm_Cc_L-MOFG,-0.001414857948544645,-0.06747520635307866,0.061610138426319024,-0.16420961348150465,0.11298918918583287,-0.2612119438941464,0.15114318191715057,-0.2881520998567466,0.17509659015229978,0.6174
norm_Cc_L-MTG,-0.35032201260685997,-0.36258101713544527,-0.2707509210168156,-0.41115365857568087,-0.21727289134136912,-0.4395193889777033,-0.16032848097633207,-0.46471122647076324,-0.1033382337967687,0.9928
norm_Cc_L-PHIG,0.2417158804575089,0.16765045847852394,0.2775961507415649,0.07538479165661333,0.3202369158830161,-0.06270742124574967,0.35154027630561147,-0.14059431465707017,0.36649998192421074,0.4672
norm_Cc_L-PaCG,-0.3276228862369187,-0.39559365491404835,-0.19559077025211744,-0.4491012996462833,-0.016374860227519963,-0.48080634150880225,0.1852611327826125,-0.4996847254229531,0.27657773283970283,0.9086
norm_Cc_L-POP,-0.3689323106685002,-0.40335273572250074,-0.2664812577863516,-0.4429786644648674,-0.13240944038968436,-0.4647875351722323,0.020553689620183516,-0.4825454367612546,0.11975355905456592,0.9842
norm_Cc_L-POR,-0.23882385140020979,-0.2624907757895868,-0.1642116001031222,-0.29757870028686473,-0.09726682781472445,-0.3188928348352449,-0.018574607784516684,-0.333966176328256,0.045092588636066404,0.5074
norm_Cc_L-PTR,-0.08637482627189513,-0.13316381847966371,-0.017825223504684226,-0.18437217465955302,0.05162661963705079,-0.21588936484927973,0.1019730764434015,-0.2416409515027787,0.16063122276470507,0.783
norm_Cc_L-PCAL,-0.0008475780603584498,-0.06417805066527903,0.06430004919169754,-0.1337384462949172,0.1290885653429254,-0.1768580004487767,0.17891296492902561,-0.19522173089129627,0.2088968045678487,0.1708
norm_Cc_L-PoCG,-0.6404479220837138,-0.6865427501582388,-0.4750737203434326,-0.7307976095520583,-0.22950468772083787,-0.7509931371739762,0.07581429551414978,-0.7590064677388443,0.20738652425034948,0.9552
norm_Cc_L-PCG,-0.167052064267475,-0.2262477509888731,-0.07681484958277716,-0.27752241470369826,0.05381587025309305,-0.3057541253045994,0.18868308652772436,-0.3279083484231345,0.23653165343134788,0.588
norm_Cc_L-PrCG,-0.5436060936546012,-0.6255422555169504,-0.3574095895542449,-0.6942073588975848,-0.09829515549332678,-0.7239933629537256,0.19927943346029464,-0.7365992369201542,0.3274417700499867,0.943
norm_Cc_L-PCU,-0.021090798129417537,-0.09112778159580705,0.054448535834813315,-0.14901261460760107,0.15902310912211787,-0.17890157077836497,0.2499530267192674,-0.20760603246025358,0.30544094189011467,0.5954
norm_Cc_L-RACG,0.10370666680451486,0.04308595239076285,0.1498801658366,-0.026445887608786,0.20116143609101558,-0.09925849697365838,0.22889665215998975,-0.1597772185478564,0.26188865143647855,0.5944
norm_Cc_L-RMFG,-0.2537295174957812,-0.3344887683877607,-0.12708679298228984,-0.41594042868557585,0.013408027617328415,-0.4679507286266312,0.1388306900294072,-0.5142271631530466,0.2325747393171895,0.8438
norm_Cc_L-SFG,-0.4253127581856217,-0.5143402238970635,-0.2618368786843467,-0.5932553025600813,-0.05432935213336018,-0.6397197439964202,0.13481433349742278,-0.6718710553844811,0.2976300009260843,0.9414
norm_Cc_L-SPG,-0.18728822806133588,-0.25735733088376656,-0.07716096040422431,-0.31505916549401697,0.06510289552591686,-0.34974836754055794,0.18928650781653336,-0.366312540114338,0.27018754624800145,0.1082
norm_Cc_L-STG,-0.3928665104879419,-0.3982494045353199,-0.31330020023111005,-0.4298442190068069,-0.22130994651766542,-0.4500326579406549,-0.09817377252587,-0.46141093923645393,-0.0162400081284964,0.9946
norm_Cc_L-SMG,-0.5893499663625156,-0.6041946175795305,-0.4667970824744384,-0.634378803882108,-0.2889600617483181,-0.6472491848139698,-0.05972522656860804,-0.657399563107092,0.08961642662351996,0.9936
norm_Cc_L-FP,-0.047836916601997764,-0.0886102395341227,-0.0019130393649695067,-0.1622714194862665,0.032595735315590936,-0.21496301146134073,0.0553598850673176,-0.2611544237380165,0.06795666847179013,0.801
norm_Cc_L-TP,-0.025304014139838533,-0.0663482899655213,0.018967856712224087,-0.13338990980419063,0.05661822702361264,-0.19256037189842495,0.08253277673065151,-0.220442449738507,0.10186338958296667,0.979
norm_Cc_L-TTG,-0.5299482792200315,-0.534276794259097,-0.4343305282281526,-0.5580353947350705,-0.28363978735662376,-0.5704591186143583,-0.06530024471859319,-0.5761115259542774,0.034909534851386224,0.9972
norm_Cc_L-IN,0.3394979364670766,0.2431960146270963,0.38491836100323146,0.1639993641544568,0.44898520232628536,0.09532245772662248,0.4839565662159698,0.02442711629646294,0.506102478914802,0.9964
norm_Cc_L-CER,0.040271141795343905,-0.04647913617305673,0.1297089144621906,-0.11361591666844327,0.24652782333409445,-0.15529253052338268,0.3270323065920102,-0.18879314781066822,0.36365496926438773,0.7976
norm_Cc_L-TH,-0.19828414562150462,-0.30640089499085627,-0.043886908490760296,-0.39487291602265395,0.14338041147380434,-0.4455322401287239,0.34182963922048676,-0.48035319131951765,0.4632732930654382,0.0086
norm_Cc_L-CA,0.15135042843662497,0.03878034277330082,0.25706512260061937,-0.05545071113843414,0.3808857592431512,-0.11491394586003144,0.4576029693209835,-0.15082406894067604,0.4994231449018213,0.8176
norm_Cc_L-PU,0.18925210314616775,0.08095132789566874,0.27660301947628246,-0.004928105785206685,0.383022861864489,-0.058740394972764225,0.44270315447815634,-0.11821024170995835,0.49996428781807845,0.9756
norm_Cc_L-PA,0.08313040652184935,-0.001980701284507942,0.1624481558172453,-0.06471794052991191,0.2599984513701339,-0.10801712547862775,0.3219349991046772,-0.13013703814093053,0.3485757794006315,0.3768
norm_Cc_L-HI,0.13277290811965392,0.04096383380578021,0.20533705602704122,-0.04837535911394014,0.2879803455834759,-0.11828484936672164,0.34951240619685076,-0.19668458510601408,0.39297889223104204,0.2306
norm_Cc_L-AM,0.3369533006336854,0.24137069286983193,0.3793097143872523,0.10259650646306828,0.42477275530183006,-0.07372789230935717,0.45492594603983516,-0.18226309745982427,0.4727444592364318,0.8196
norm_Cc_L-AC,0.11917284255878317,0.06348799834718089,0.14943361062713303,6.305095935286789e-05,0.18840119203178032,-0.0703473543931735,0.21775860091309546,-0.13341309839798632,0.2329362799789725,0.1504
norm_Cc_R-TH,-0.1691497616625777,-0.2794658699647184,-0.020654561309624665,-0.3647832467390721,0.16931254497949214,-0.42122757628262714,0.3529679877914171,-0.4502423660439581,0.4589612710788481,0.0862
norm_Cc_R-CA,0.1658403030168549,0.05269713352452679,0.26673872274868177,-0.03825451262630743,0.3914405356959693,-0.09407263033936471,0.4658978066973916,-0.1260879880321496,0.5137254963265097,0.939
norm_Cc_R-PU,0.23358633806808257,0.12672642201276627,0.3066983304181649,0.050344730801844366,0.4051968895284158,-0.005375508310860488,0.4698186862531974,-0.06034491943467245,0.5073354332269775,0.9964
norm_Cc_R-PA,0.13863069145758083,0.057566880413215275,0.20398435990218275,-0.005246613211020258,0.2876804083384087,-0.045064455245630824,0.33700657415416124,-0.06608783290622305,0.3673546167798499,0.6124
norm_Cc_R-HI,0.29263716625746566,0.19555822565463848,0.3413031692825483,0.10393539466952734,0.40823680279401003,0.00047431575658478235,0.4444655558541987,-0.08967924720046949,0.4754756196345512,0.8818
norm_Cc_R-AM,0.44324274549283366,0.3364333106245346,0.47871509650874833,0.17565304886529334,0.5229962382564984,-0.0671966199106327,0.5462061953340198,-0.2040995415644735,0.5580856483827393,0.9646
norm_Cc_R-AC,0.14397789157030577,0.08989356607246822,0.1710103494463648,0.035465675008978514,0.21225215317070542,-0.026112437828820927,0.23495099832933142,-0.08194940981530524,0.24731577658149756,0.9836
norm_Cc_R-BSTS,-0.4564785768242555,-0.46367643319220225,-0.36836009603511627,-0.48748070059282406,-0.23989455009575075,-0.5027815070571091,-0.06198521117994513,-0.5145782457739944,0.05015264495735991,0.9904
norm_Cc_R-CACG,-0.3620858464263504,-0.4118598432863601,-0.24709096603267494,-0.4649107041134763,-0.10333388250834019,-0.4950147808628117,0.07778623860207054,-0.510339140600399,0.1778751854981858,0.9516
norm_Cc_R-CMFG,-0.44711389898149717,-0.49966604185587066,-0.3164398093607228,-0.5501878041713641,-0.1418697506883474,-0.5822145917649446,0.03790688336062134,-0.5996625514121745,0.16210496024096635,0.9774
norm_Cc_R-CU,-0.040886882458691494,-0.09075312871476907,0.020506143340246308,-0.14551444125293897,0.08649811570025559,-0.18410413668661385,0.13198040799491162,-0.19948808607942878,0.16971103913778487,0.218
norm_Cc_R-EC,0.29876296648714656,0.20570358298784489,0.3420091530045479,0.06417419889857043,0.3891756545716976,-0.13894533801632863,0.41189160964945865,-0.24124554876132637,0.4256519791566716,0.5612
norm_Cc_R-FG,0.0300161709576959,-0.038217187661191025,0.09467012669481159,-0.13817897256843503,0.14642315525161925,-0.22265669861121165,0.19201953805466906,-0.27664907049447207,0.20890376014604173,0.6214
norm_Cc_R-IPG,-0.3975866269197286,-0.42079866951864014,-0.3053503479100668,-0.4583723437612512,-0.18565608015272622,-0.48432841361388285,-0.060534565660871995,-0.49451013918803804,0.01759316992371099,0.9948
norm_Cc_R-ITG,-0.16193830255432853,-0.1975466629296088,-0.09337134682195011,-0.25864169734400727,-0.04333812395425026,-0.3008273426116959,0.0020736294379333125,-0.3289586453410639,0.03086376104377385,0.8918
norm_Cc_R-ICG,0.0033387580267623825,-0.058900204899591066,0.06947913550906244,-0.11310405788334411,0.16103343578669374,-0.14568576815737957,0.23319583117535944,-0.17016352812199553,0.2763771967951656,0.8814
norm_Cc_R-LOG,0.0770106455940013,-0.003818436129943312,0.1463574256008,-0.102513340555073,0.21207143374298068,-0.1846205265574747,0.25756214208149075,-0.23753014535490707,0.2997836867934698,0.2798
norm_Cc_R-LOFG,0.13250307760322666,0.0536114240444303,0.19037851139281092,-0.05068975356576328,0.2452946548475199,-0.17433036231210733,0.2826583636565688,-0.24649347433001415,0.31109301932060107,0.2328
norm_Cc_R-LG,0.06111307093090663,-0.006676376068912475,0.11902467235851232,-0.0832033137961366,0.17789243161728527,-0.15585811425262167,0.22224076246462884,-0.19287356895299376,0.2487298092341202,0.0578
norm_Cc_R-MOFG,0.06712126586187624,-0.013292151009532065,0.1312077450604844,-0.1368773864679444,0.18663937482551496,-0.27651986816029894,0.218721508580076,-0.3464382168524043,0.25029871241136653,0.8322
norm_Cc_R-MTG,-0.4347492602277476,-0.43887928001375054,-0.35408630745164427,-0.4692636841064289,-0.26597063316174835,-0.4869607577045468,-0.14972395684927822,-0.4990791392928374,-0.05710964057996407,0.996
norm_Cc_R-PHIG,0.31546855327373763,0.23552286316539905,0.3419824682822809,0.13341318795163673,0.38357776665364635,-0.028515801260688207,0.40408040633034986,-0.1285307593794977,0.4150107621106347,0.7844
norm_Cc_R-PaCG,-0.2709357319535837,-0.3408019730023582,-0.14706664625614954,-0.3972596204406448,0.02430269375345005,-0.42653525301244005,0.19721575002276945,-0.4434861801463285,0.30569278391161403,0.525
norm_Cc_R-POP,-0.36023016598565083,-0.38704399066058665,-0.2686604218043342,-0.42048450045698593,-0.1393059804659035,-0.44037389266171395,-0.0023675747635028264,-0.4579144070845722,0.10967433450803743,0.9284
norm_Cc_R-POR,-0.34605478943955076,-0.3592401199826017,-0.2738597504796983,-0.39234702928353765,-0.19174684189856503,-0.4122023092067417,-0.08680716814112528,-0.427895002053551,0.009942945938699177,0.9438
norm_Cc_R-PTR,-0.23069349315121773,-0.25912607664916215,-0.16067453503174292,-0.2978281521718176,-0.07410880605437316,-0.32298169394777565,0.01948226056419457,-0.34075506476745004,0.08440812279777071,0.8324
norm_Cc_R-PCAL,0.019647062357639473,-0.04524656427172673,0.08512686685959024,-0.12332266537750408,0.1504372587563064,-0.1741865731404389,0.19205942028198408,-0.21226601284129093,0.2227379324973741,0.7624
norm_Cc_R-PoCG,-0.6291520708928193,-0.6770720250187457,-0.46426874041397426,-0.7219987103801174,-0.21400283493177658,-0.7432598213830189,0.09696010977986022,-0.7527486265332348,0.23606169862158094,0.9326
norm_Cc_R-PCG,-0.153733643366176,-0.2114985195470751,-0.07227852241055203,-0.2589258585164327,0.05237127136011057,-0.28526392006639045,0.15754453649084413,-0.31136932844104487,0.2308755903368466,0.103
norm_Cc_R-PrCG,-0.5130811374890869,-0.5943327384950985,-0.33500018057330816,-0.662087363582336,-0.08291756472966418,-0.6905405280294191,0.206626594207477,-0.70817181150141,0.34570288072507155,0.6878
norm_Cc_R-PCU,0.02905081113587482,-0.04151967765828357,0.09616477470995635,-0.10116580187507446,0.18962311252785963,-0.1431361145082123,0.25632310989927337,-0.1617066838896353,0.3165402309032907,0.7088
norm_Cc_R-RACG,0.04956269498278398,-0.0015846668419854412,0.09609015334150901,-0.05903898072209785,0.1464563956680184,-0.1106213063462326,0.18187217383418366,-0.13613288351606173,0.20987241113395008,0.4708
norm_Cc_R-RMFG,-0.25598140520039037,-0.3314450280097305,-0.13510414455075218,-0.4171970507092617,-0.009832764783394498,-0.4660315446041306,0.11241597936376196,-0.5232300045258043,0.19685408576038893,0.9802
norm_Cc_R-SFG,-0.4033488335683221,-0.4879257896704989,-0.24909319192635956,-0.5673306424236412,-0.06462749804283478,-0.6179971511247044,0.1184360277066644,-0.6540090709886981,0.24548816253008265,0.9808
norm_Cc_R-SPG,-0.12837452504330385,-0.19816140854297107,-0.033608427021601654,-0.2557904709484633,0.0927326935833871,-0.29746295285995,0.18661821209255522,-0.3167889574895669,0.2595079492210171,0.167
norm_Cc_R-STG,-0.44389362067808946,-0.44897387817046575,-0.35995574577732675,-0.47493426871560707,-0.24946778354012708,-0.4873236620777553,-0.07513068071625548,-0.49318006581949486,0.026400192683558078,0.7704
norm_Cc_R-SMG,-0.583847937764065,-0.5981033693346666,-0.463474821078922,-0.6269496666940896,-0.291083372993663,-0.6415794748567694,-0.05808121735279871,-0.6477336880217374,0.11336904110903005,0.9924
norm_Cc_R-FP,0.02648892769833632,-0.03145729537334899,0.07351904910721946,-0.12843647435495079,0.11021011340965395,-0.2365363695665183,0.132383138983388,-0.30772276367599377,0.14794849811307242,0.8414
norm_Cc_R-TP,0.11357899830468293,0.049134569799583104,0.15557102556965138,-0.041466630168700384,0.1944517994102944,-0.15590928198558035,0.21990173291647816,-0.22533273029884468,0.23270755707160257,0.4878
norm_Cc_R-TTG,-0.5618522726842858,-0.5751554120807473,-0.4537874273805371,-0.6028201445012155,-0.27421806470477433,-0.617027284699556,-0.034608493135966284,-0.6257328609920554,0.11401432408679912,0.9748
norm_Cc_R-IN,0.41351536765702157,0.31444448183188656,0.4469943437797166,0.2153040015622679,0.500334051967881,0.09722638182571622,0.5313099224718635,-0.00373466896620849,0.5538547745345557,0.9996
norm_Cc_R-CER,0.0414783400595729,-0.04523587851519718,0.13177883609250318,-0.1112728496133344,0.24786739962732618,-0.15423467052351392,0.3294764277412639,-0.18786969974736997,0.3596204523720048,0.8428
